SetMAC
be1488142940
SetIP
c0a801c1
DoBOOTP
1
Empty

# Issue an ARP request in order to generate BOOTP/DHCP requests.
Packet
82ab cdef 0009 ac22  0b4f fa85 0806 0001
0800 0604 0001 ac22  0b4f fa85 ac10 0661
0000 0000 0000 ac10  0606 0000 0000 0000
0000 0000 0000 0000  0000 0000 32ab a734
Empty
FinPacket
Sleep
Sleep
Sleep
Sleep
Sleep
Sleep
Sleep

Packet
ffff ffff ffff 0090  e81d 39e6 0800 4500
016c 043e 0000 4011  b29e c0a8 01fd ffff
ffff 0043 0044 0158  7712 0201 0600 fe38
5506 0000 8000 0000  0000 c0a8 01c1 0000
0000 0000 0000 be14  8814 2940 0000 0000
0000 0000 0000 0000  0000 0000 0000 0000
0000 0000 0000 0000  0000 0000 0000 0000
0000 0000 0000 0000  0000 0000 0000 0000
0000 0000 0000 0000  0000 0000 0000 0000
0000 0000 0000 0000  0000 0000 0000 0000
0000 0000 0000 0000  0000 0000 0000 0000
0000 0000 0000 0000  0000 0000 0000 0000
0000 0000 0000 0000  0000 0000 0000 0000
0000 0000 0000 0000  0000 0000 0000 0000
0000 0000 0000 0000  0000 0000 0000 0000
0000 0000 0000 0000  0000 0000 0000 0000
0000 0000 0000 0000  0000 0000 0000 0000
0000 0000 0000 6382  5363 0104 ffff ff00
ff00 0000 0000 0000  0000 0000 0000 0000
0000 0000 0000 0000  0000 0000 0000 0000
0000 0000 0000 0000  0000 0000 0000 0000
0000 0000 0000 0000  0000 0000 0000 0000
0000 0000 0000 0000  0000 0000 0000 0000
0000 0000 0000 0000  0000 d617 8ab1
FinPacket

Sleep

TimeoutTicks
128

# Issue another ARP request in order to generate BOOTP/DHCP requests.
Packet
82ab cdef 0009 ac22  0b4f fa85 0806 0001
0800 0604 0001 ac22  0b4f fa85 ac10 0661
0000 0000 0000 ac10  0606 0000 0000 0000
0000 0000 0000 0000  0000 0000 32ab a734
Empty
FinPacket
Sleep
Sleep
Sleep
Sleep
Sleep
Sleep
Sleep

Packet
ffff ffff ffff 0090  e81d 39e6 0800 4500
016c 043e 0000 4011  b29e c0a8 01fd ffff
ffff 0043 0044 0158  406d 0201 0600 71d8
180a 0000 8000 0000  0000 c0a8 01c3 0000
0000 0000 0000 be14  8814 2940 0000 0000
0000 0000 0000 0000  0000 0000 0000 0000
0000 0000 0000 0000  0000 0000 0000 0000
0000 0000 0000 0000  0000 0000 0000 0000
0000 0000 0000 0000  0000 0000 0000 0000
0000 0000 0000 0000  0000 0000 0000 0000
0000 0000 0000 0000  0000 0000 0000 0000
0000 0000 0000 0000  0000 0000 0000 0000
0000 0000 0000 0000  0000 0000 0000 0000
0000 0000 0000 0000  0000 0000 0000 0000
0000 0000 0000 0000  0000 0000 0000 0000
0000 0000 0000 0000  0000 0000 0000 0000
0000 0000 0000 0000  0000 0000 0000 0000
0000 0000 0000 6382  5363 0104 ffff ff00
ff00 0000 0000 0000  0000 0000 0000 0000
0000 0000 0000 0000  0000 0000 0000 0000
0000 0000 0000 0000  0000 0000 0000 0000
0000 0000 0000 0000  0000 0000 0000 0000
0000 0000 0000 0000  0000 0000 0000 0000
0000 0000 0000 0000  ffff c721 0f0a
FinPacket

Empty
Sleep

TimeoutTicks
128

# Issue another ARP request in order to generate BOOTP/DHCP requests.
Packet
82ab cdef 0009 ac22  0b4f fa85 0806 0001
0800 0604 0001 ac22  0b4f fa85 ac10 0661
0000 0000 0000 ac10  0606 0000 0000 0000
0000 0000 0000 0000  0000 0000 32ab a734
Empty
FinPacket
Sleep
Sleep
Sleep
Sleep
Sleep
Sleep
Sleep
