SetMAC
fcaa14269ab7
SetIP
c0a801c1
DoDHCP
1
Empty

# Issue an ARP request in order to generate BOOTP/DHCP requests.
Packet
82ab cdef 0009 ac22  0b4f fa85 0806 0001
0800 0604 0001 ac22  0b4f fa85 ac10 0661
0000 0000 0000 ac10  0606 0000 0000 0000
0000 0000 0000 ffff  0000 0000 72c7 071a
Empty
FinPacket
Sleep
Sleep
Sleep
Sleep
Sleep
Sleep
Sleep

# DHCP offer (moved DHCP option by pad)
Packet
fcaa 1426 9ab7 fcec  da7a 0173 0800 4510
0148 0000 0000 8011  b3d6 c0a8 0201 c0a8
026d 0043 0044 0134  6200 0201 0600 fc71
5507 0000 0000 0000  0000 c0a8 026d 0000
0000 0000 0000 fcaa  1426 9ab7 0000 0000
0000 0000 0000 0000  0000 0000 0000 0000
0000 0000 0000 0000  0000 0000 0000 0000
0000 0000 0000 0000  0000 0000 0000 0000
0000 0000 0000 0000  0000 0000 0000 0000
0000 0000 0000 0000  0000 0000 0000 0000
0000 0000 0000 0000  0000 0000 0000 0000
0000 0000 0000 0000  0000 0000 0000 0000
0000 0000 0000 0000  0000 0000 0000 0000
0000 0000 0000 0000  0000 0000 0000 0000
0000 0000 0000 0000  0000 0000 0000 0000
0000 0000 0000 0000  0000 0000 0000 0000
0000 0000 0000 0000  0000 0000 0000 0000
0000 0000 0000 6382  5363 0035 0102 0036
04c0 a802 0133 0400  0151 8001 04ff ffff
0003 04c0 a802 0106  04c0 a802 01ff 0000
0000 0000 0000 0000  0000 0000 0000 0000
0000 0000 0000 21de  12c1
FinPacket
Sleep
Sleep
Sleep
Sleep
Sleep

# DHCP ack (moved DHCP option by double pad)
Packet
fcaa 1426 9ab7 fcec  da7a 0173 0800 4510
0148 0000 0000 8011  b3d6 c0a8 0201 c0a8
026d 0043 0044 0134  2936 0201 0600 fc71
5507 0000 0000 0000  0000 c0a8 026d 0000
0000 0000 0000 fcaa  1426 9ab7 0000 0000
0000 0000 0000 0000  0000 0000 0000 0000
0000 0000 0000 0000  0000 0000 0000 0000
0000 0000 0000 0000  0000 0000 0000 0000
0000 0000 0000 0000  0000 0000 0000 0000
0000 0000 0000 0000  0000 0000 0000 0000
0000 0000 0000 0000  0000 0000 0000 0000
0000 0000 0000 0000  0000 0000 0000 0000
0000 0000 0000 0000  0000 0000 0000 0000
0000 0000 0000 0000  0000 0000 0000 0000
0000 0000 0000 0000  0000 0000 0000 0000
0000 0000 0000 0000  0000 0000 0000 0000
0000 0000 0000 0000  0000 0000 0000 0000
0000 0000 0000 6382  5363 0000 3501 0536
04c0 a802 0133 0400  0151 8001 04ff ffff
0003 04c0 a802 0106  04c0 a802 01ff 0000
0000 0000 0000 0000  0000 0000 0000 0000
0000 0000 0000 cc8d  541a
FinPacket

Sleep
Sleep
