SetMAC
fcaa14269ab7
SetIP
c0a801c1
DoDHCP
1
Empty

# End with ffff ffff data words to exercise checksum handling.
# Issue an ARP request in order to generate BOOTP/DHCP requests.
Packet
82ab cdef 0009 ac22  0b4f fa85 0806 0001
0800 0604 0001 ac22  0b4f fa85 ac10 0661
0000 0000 0000 ac10  0606 0000 0000 0000
0000 0000 ffff ffff  ffff ffff 47ab c170
Empty
FinPacket
Sleep
Sleep
Sleep
Sleep
Sleep
Sleep
Sleep

# DHCP offer (moved DHCP option by pad)
Packet
fcaa 1426 9ab7 fcec  da7a 0173 0800 4510
0148 0000 0000 8011  b3d6 c0a8 0201 c0a8
026d 0043 0044 0134  ec2a 0201 0600 f1c7
5507 0000 0000 0000  0000 c0a8 026d 0000
0000 0000 0000 fcaa  1426 9ab7 0000 0000
0000 0000 0000 0000  0000 0000 0000 0000
0000 0000 0000 0000  0000 0000 0000 0000
0000 0000 0000 0000  0000 0000 0000 0000
0000 0000 0000 0000  0000 0000 0000 0000
0000 0000 0000 0000  0000 0000 0000 0000
0000 0000 0000 0000  0000 0000 0000 0000
0000 0000 0000 0000  0000 0000 0000 0000
0000 0000 0000 0000  0000 0000 0000 0000
0000 0000 0000 0000  0000 0000 0000 0000
0000 0000 0000 0000  0000 0000 0000 0000
0000 0000 0000 0000  0000 0000 0000 0000
0000 0000 0000 0000  0000 0000 0000 0000
0000 0000 0000 6382  5363 3604 c0a8 0201
3501 0233 0400 0151  8001 04ff ffff 0003
04c0 a802 0106 04c0  a802 01ff 0000 0000
0000 0000 0000 0000  0000 0000 0000 0000
0000 0000 0000 5464  7c6a
FinPacket
Sleep
Sleep
Sleep
Sleep
Sleep

# DHCP ack (moved DHCP option by double pad)
Packet
fcaa 1426 9ab7 fcec  da7a 0173 0800 4510
0148 0000 0000 8011  b3d6 c0a8 0201 c0a8
026d 0043 0044 0134  21f2 0201 0600 f1c7
5507 0000 0000 0000  0000 c0a8 026d 0000
0000 0000 0000 fcaa  1426 9ab7 0000 0000
0000 0000 0000 0000  0000 0000 0000 0000
0000 0000 0000 0000  0000 0000 0000 0000
0000 0000 0000 0000  0000 0000 0000 0000
0000 0000 0000 0000  0000 0000 0000 0000
0000 0000 0000 0000  0000 0000 0000 0000
0000 0000 0000 0000  0000 0000 0000 0000
0000 0000 0000 0000  0000 0000 0000 0000
0000 0000 0000 0000  0000 0000 0000 0000
0000 0000 0000 0000  0000 0000 0000 0000
0000 0000 0000 0000  0000 0000 0000 0000
0000 0000 0000 0000  0000 0000 0000 0000
0000 0000 0000 0000  0000 0000 0000 0000
0000 0000 0000 6382  5363 3604 c0a8 0201
0033 0400 0151 8035  0105 0001 04ff ffff
0003 04c0 a802 0106  04c0 a802 01ff 0000
0000 0000 0000 0000  0000 0000 0000 0000
0000 0000 0000 da8f  4236
FinPacket

Sleep
Sleep
