45.276501 5.668686 438.155396 330.299957
47.473377 -8.033326 410.845032 166.715012
29.285788 -3.487617 299.906830 296.120117
30.424053 0.570801 301.364594 47.956394
58.443974 13.538703 406.392120 471.391235
79.718781 13.922158 353.860901 414.527557
13.527734 1.608478 209.113464 78.994858
46.563156 10.561341 285.994629 362.277405
73.635284 3.697507 310.114838 474.892853
62.735691 14.699328 376.174652 366.627808
39.251961 0.094506 251.232971 140.658813
69.368904 17.941132 456.152222 157.170395
89.048004 6.285082 478.658508 342.504211
90.811920 12.983840 461.675751 287.613953
53.292313 13.985883 337.473633 288.114105
27.585726 5.214704 186.404953 73.970390
56.837952 12.457900 223.696625 367.960358
45.913158 0.182823 346.827484 164.570450
58.241653 4.815507 329.812897 381.216431
19.789871 -4.993627 196.684875 84.802109
73.723465 5.900936 399.031311 362.938812
65.638756 8.085788 424.884979 419.279205
60.524914 6.981399 335.525970 360.672821
16.899338 -5.681157 225.302231 130.500885
53.499405 23.542967 400.602509 472.858398
34.278610 9.952744 186.548615 206.484695
62.762241 5.266887 362.715973 265.709747
66.464760 15.571109 406.196564 129.824448
28.587833 -11.490576 330.232391 50.535908
26.034391 9.596595 123.180626 221.680222
54.960655 19.618292 322.611786 382.847168
53.133377 18.460056 336.231689 148.579819
43.432053 15.521209 258.214233 137.254990
21.670462 -6.477517 104.623688 129.034714
30.508936 -2.501778 174.746231 133.863449
44.666954 11.149268 309.877655 110.654816
63.469341 2.123936 396.477325 272.833832
22.887737 -0.469484 251.475525 89.053116
51.628223 17.846163 438.363678 404.503082
27.667316 6.112307 306.810730 216.169434
67.508446 8.392921 371.159241 135.557693
58.537491 15.566788 525.435547 519.675598
49.834919 6.485818 388.596161 79.760902
43.913342 6.208481 251.588959 479.638885
37.135017 9.838629 294.575500 107.453049
40.196110 -7.914934 341.305267 103.541367
25.533232 0.747141 144.281967 309.144653
52.132008 8.552854 416.000916 486.298370
30.531343 -6.829492 228.199417 257.331482
47.415371 23.291513 226.070831 295.987183
81.004349 5.692801 537.377686 362.479919
46.326424 7.925093 287.320801 283.830780
75.409927 16.340265 499.203827 226.410049
31.215313 14.961020 294.678253 248.124954
35.813412 15.944905 223.234314 390.382172
44.210697 13.726600 172.596680 318.920349
36.638962 5.895710 208.401535 158.079788
39.973927 4.116117 170.099625 293.615601
50.680569 8.578797 366.842133 164.956955
38.534039 -2.542141 372.292084 332.309387
35.916805 13.725123 160.833405 343.386688
63.289841 4.052901 421.358276 279.418365
68.091789 10.407754 322.319855 275.243652
43.328598 1.191028 236.470978 236.056931
58.019070 10.335690 418.092377 204.069717
47.549274 1.508645 337.164795 451.108948
57.665035 13.406039 321.877594 397.952789
46.100723 0.524960 352.493439 443.070282
54.636429 -7.963322 506.864105 98.097221
26.742132 2.596063 118.613426 347.703339
35.538116 6.427609 173.131729 191.786316
24.791039 5.682150 183.635345 277.787750
28.601257 5.869338 281.444153 97.173172
37.292255 0.556439 263.995148 287.846832
25.597136 8.768029 231.875916 65.313797
25.517988 -1.692521 348.060638 181.784515
41.780327 10.230968 446.899902 312.906860
24.712212 4.833844 130.594910 177.581711
73.826637 1.339540 325.547974 457.867004
51.161564 10.973782 358.637543 168.966858
53.610973 10.747775 238.549942 379.916046
48.024769 20.122904 390.424500 117.979240
44.704269 16.092749 406.016083 471.640778
25.034288 0.069425 111.126587 330.831543
35.195301 2.165544 177.669128 213.886459
33.389381 -6.521379 284.552338 112.329552
69.471985 -8.124246 379.604095 473.908875
36.894474 12.836412 236.091965 262.392456
35.908329 11.448546 403.042206 65.159752
81.193108 11.482451 389.867401 439.444366
20.739069 7.181565 175.686111 147.124466
46.256184 24.070295 377.622070 179.360001
51.372410 9.882991 326.425140 359.439362
55.669170 0.211702 307.963806 246.883987
55.558086 -0.104302 340.396912 293.905640
40.208012 -4.445549 151.103424 270.217957
29.870089 8.680544 170.938507 261.274261
39.863640 16.837757 284.393585 71.488319
34.049862 3.147724 229.627884 32.013485
22.412443 -2.244602 91.497551 130.932114
52.583851 -0.926606 385.403168 263.798279
95.236038 1.374313 527.264587 504.884277
58.300095 -2.812203 317.089569 256.143005
77.684036 -1.194428 419.000732 404.069489
56.578518 24.392267 243.628815 422.800934
27.679899 4.269676 191.646362 224.992538
54.970951 2.726133 342.747559 375.694061
11.353111 1.903830 132.801392 103.000160
47.986557 9.522743 224.711395 235.698349
51.393581 12.398385 417.207092 425.834808
32.924007 -0.256151 158.829803 211.207169
47.783405 3.277293 183.883224 406.868439
47.256481 -0.409531 182.147552 351.946899
46.847145 -4.025643 215.053650 264.665070
49.612263 16.754786 272.836426 326.482269
53.286320 2.657059 224.691772 276.592896
25.100246 8.768690 180.734528 84.710930
78.523399 13.185687 508.306122 273.796906
38.912437 8.760118 450.571808 400.000610
32.024986 10.002411 491.743683 169.722397
30.305447 5.128103 189.769791 303.821136
61.964939 10.290277 438.065125 397.832092
39.881371 8.725815 306.929840 81.730789
52.753613 7.495172 449.932159 269.215851
56.004589 4.850614 422.887115 285.141510
47.578045 13.039599 453.337402 196.135742
34.991199 5.193110 237.626282 89.071495
53.633316 0.036339 214.371796 298.489624
36.568417 6.546648 212.376877 303.492889
42.581413 6.834958 297.357086 425.972565
35.288563 -0.760375 320.330048 69.779739
26.902496 16.809771 135.551712 330.653839
54.346962 10.358857 472.791168 153.096573
81.840851 20.984282 417.222412 405.612000
25.220516 7.473426 187.517502 312.206146
62.895145 13.398173 392.928833 220.649704
19.945353 3.210111 109.171219 117.734322
44.357140 9.203868 152.041931 419.214111
20.577265 12.162800 300.096466 330.361115
56.232079 0.114035 265.444794 515.256104
61.445026 6.500802 248.421448 416.171967
87.038284 8.632323 352.530182 490.859924
64.606667 9.877563 444.171997 310.819855
59.601650 20.285706 487.924225 196.206055
68.873276 7.061677 409.037292 235.887711
48.269032 2.377156 393.590759 66.533379
45.502586 2.150769 152.509903 305.994110
41.481297 10.220312 298.660583 128.072006
29.859716 13.373412 352.834259 62.780533
20.708424 -1.781306 208.281448 120.073212
70.283508 4.873992 385.125092 333.488800
29.022501 -5.660455 256.706268 168.941208
78.337753 12.598514 373.123718 276.868256
37.608093 10.508062 405.097137 145.139481
44.645939 4.790298 271.969391 442.394196
56.547432 7.154609 355.947723 494.859039
37.003925 15.860264 231.459702 119.688995
40.006580 3.912402 233.689926 102.943329
35.631535 9.077184 240.320267 95.713432
12.417956 1.041031 95.622208 45.720928
41.917740 2.829419 228.439087 342.155396
60.028584 14.160647 305.251251 492.664978
27.347231 2.155586 219.981216 77.449066
45.708927 12.756072 247.195480 430.991638
30.137659 15.562856 144.530243 313.148254
40.083164 -9.124097 197.164001 310.413147
59.882225 3.041903 296.187531 369.239716
43.687351 0.359241 249.079391 195.886017
51.541679 -6.329341 209.590317 359.675964
64.527359 -7.261090 311.045319 437.197266
36.510654 7.608945 172.733856 361.830627
40.581142 -2.598056 395.124023 161.500366
29.105875 5.864453 258.594208 90.933479
39.003372 0.013614 152.303177 418.769714
79.937790 4.904666 354.889587 488.878113
67.077980 11.453076 390.039703 131.846848
30.908751 10.824216 342.492706 304.058533
34.333729 5.903069 184.410385 471.471802
19.798677 7.488053 329.569366 97.370903
69.353210 13.302751 281.846527 362.511017
33.062943 1.448675 300.750366 65.229317
29.931326 -6.599256 292.445892 70.456841
54.321518 3.378819 273.711243 507.410126
23.814562 16.724619 223.129822 349.340668
45.972549 -7.272779 380.751617 331.358276
66.788963 11.872014 418.828827 196.231934
36.465122 11.968085 231.644531 347.411713
47.059116 -6.286366 413.225494 179.135803
31.556349 7.597777 116.101692 335.991608
42.003201 -2.895523 226.857605 290.412842
38.691940 -1.043103 318.820251 385.992004
25.828201 10.001250 209.758911 285.093597
46.683437 11.339261 437.489380 167.572250
65.158394 13.179635 292.042938 489.926208
59.894634 1.052384 353.278839 268.495819
34.554523 3.276179 377.402191 283.087341
59.119305 12.712499 441.585663 388.506927
41.877945 12.400007 347.112610 455.149139
38.895737 8.887450 199.429001 482.178101
56.189957 5.851401 281.346283 299.353485
54.610676 30.306549 362.247070 422.334991
9.606915 5.300340 149.451294 53.441402
27.287169 8.082167 128.044052 278.443878
67.521469 4.715675 315.558990 367.000061
9.680258 -3.902609 157.503571 150.932251
69.788132 4.361815 364.857574 457.591949
82.492485 -3.833958 401.061554 440.671112
61.787109 4.996425 400.387939 157.620453
31.749840 5.068597 161.792084 214.451324
70.062790 7.393085 417.959351 205.228729
50.017456 4.844604 330.825348 206.241119
43.556278 1.131195 331.468933 331.438751
52.481441 13.710221 327.584290 108.795364
40.195797 4.809705 288.511932 115.778870
46.745529 17.625889 431.789276 497.787140
23.419346 5.229175 282.463531 233.247116
33.080173 5.405308 133.168900 78.517853
31.771549 2.998799 377.234589 218.643234
46.445602 8.957629 253.561691 304.990112
49.427097 9.340661 410.410950 421.774506
44.796944 2.234626 279.136139 383.457092
23.983669 3.239058 346.614929 188.958878
22.095863 10.733083 149.245163 108.715286
61.834003 0.233913 268.149017 427.909729
65.168640 -4.719785 340.854218 468.325958
62.346512 9.839459 380.229462 382.636627
42.314278 4.576501 227.438065 208.818665
40.221241 1.452503 220.725891 291.127106
46.242512 3.472518 358.282867 364.634338
31.724237 3.439164 189.358047 266.172150
43.452179 11.312686 403.364349 145.454742
64.739914 1.880259 251.476486 449.908722
31.409428 0.888873 194.636765 159.605209
56.668427 3.995807 231.685425 351.792603
31.283108 2.026299 387.177338 215.885345
34.675358 7.539439 361.043488 396.029114
22.805782 8.939620 142.963760 90.843353
53.399422 -3.413480 223.580490 262.384735
65.805435 12.522061 360.078094 454.484009
40.682972 18.473095 267.287079 139.219971
69.694916 12.879094 441.487335 461.037811
31.825216 5.239009 386.085419 359.227356
58.718700 14.331628 308.838654 97.152763
88.897842 3.047759 475.568878 461.163422
67.232239 3.326459 287.677216 450.067352
12.076734 1.076132 279.106537 75.808624
25.451309 -2.361957 156.515900 179.510559
52.079739 0.814361 222.917755 353.150116
44.579491 6.160291 295.611908 180.899536
39.321545 11.444920 243.985672 56.347500
39.544315 12.178815 350.129822 424.749634
35.567795 6.729813 253.278625 174.837311
84.952324 19.486301 448.888947 212.685303
62.432133 1.015790 490.448456 534.552734
54.272114 5.152808 369.347809 355.356842
40.883743 8.771408 331.986542 89.730247
38.917286 7.341298 183.949799 423.135803
14.605887 10.585556 111.967125 83.733253
44.094807 0.895770 288.579437 255.388931
37.329041 15.608428 271.659210 376.609161
72.715607 -0.277915 392.415436 350.790222
52.231106 14.746469 358.391327 167.505402
28.131882 3.041602 247.113144 82.556320
33.257217 5.106592 217.176224 130.618454
47.332394 14.711930 376.267334 90.963921
41.313110 4.881208 286.878296 380.585846
47.875172 3.583774 483.912384 453.615356
37.474274 12.370685 302.298584 157.502625
39.002018 5.204225 214.373428 107.194946
53.206730 6.835368 228.631805 327.901093
28.129145 1.896603 480.719727 282.010742
44.821243 20.761106 287.388184 202.092346
34.256237 -1.147351 178.093979 417.006927
82.157883 4.225322 458.505310 465.336060
31.229179 10.821835 376.722870 246.597336
79.688644 -10.420754 341.873230 500.117889
14.461274 0.224027 101.150726 131.633850
31.673492 -6.085907 206.930542 249.443802
33.975784 -1.580477 152.546661 238.879913
16.870604 3.938844 184.302002 128.141937
48.850597 10.577397 273.038025 321.237000
38.419495 1.889030 165.335297 500.901215
66.574577 18.401251 494.075714 135.484329
24.917194 5.546473 213.703461 146.479187
51.381065 -0.213840 468.640808 232.265366
44.196735 2.113719 209.995453 465.560364
83.273575 17.179815 501.474701 200.718109
44.430927 7.924645 187.959061 192.339325
25.162056 -3.767373 208.193726 107.536507
43.817371 9.662700 172.220627 437.210419
48.247440 10.020839 508.743744 94.868279
42.614975 13.761577 282.016815 437.308105
43.163998 9.914439 548.153748 93.551811
35.526001 6.200682 181.596893 361.720215
29.053974 5.191947 235.817352 264.731934
55.055408 5.318423 219.542892 274.179291
51.683823 14.773008 383.109161 539.149414
15.333030 5.276606 127.985710 77.193199
71.445045 2.994107 225.966431 480.384644
37.998356 11.016258 248.994522 155.226273
42.422119 13.202794 408.772186 305.328766
52.327190 -6.179751 219.819656 410.946960
23.075243 -2.200678 101.885757 222.315643
12.396912 6.175061 128.049530 40.364662
42.172237 8.268665 318.954010 320.289856
50.575378 8.381831 234.143082 485.450531
65.307564 -0.821837 375.634399 282.384216
42.927876 6.890612 171.361435 240.230988
26.423100 5.978448 137.326096 198.948929
43.255383 -0.078165 278.330261 380.916901
37.513760 3.515169 206.440521 160.529495
48.656055 20.097631 500.053772 347.687042
46.232368 5.206042 404.050995 164.042130
54.981243 4.397642 373.129333 264.663849
25.819485 -1.367685 162.704544 113.143921
82.874832 4.909409 434.647034 366.227783
68.314148 9.757451 348.246063 265.624390
64.578575 -3.141042 316.093231 308.778778
58.200855 12.403485 238.854980 463.924622
56.072594 2.768192 189.158325 468.040375
35.443798 -2.206091 332.333405 130.106384
41.722534 4.218885 193.371262 148.349823
44.821510 24.070929 449.572205 454.636810
32.640640 9.064112 329.357727 324.114899
32.893162 3.607656 167.215714 231.560608
93.434647 3.974252 421.542603 497.874207
52.730213 10.468740 455.341553 153.253998
68.284050 4.817193 431.279388 191.561661
21.749889 -3.924256 139.662460 72.190239
41.287472 14.911178 188.356476 338.752960
39.260715 1.205712 206.720047 433.455475
70.460121 12.722462 276.940277 410.608032
58.661339 -1.437109 492.866669 214.904068
18.717907 7.081979 163.682587 237.809631
42.529762 5.028645 361.575531 321.342621
34.533016 11.631280 246.083176 261.411469
43.604340 0.294250 151.584198 389.470154
43.577484 1.526396 164.070618 296.358490
40.382835 1.532137 337.207245 46.637646
76.053589 4.179059 398.786743 434.378296
40.392536 3.545815 306.090973 401.823578
35.436153 14.516530 233.644012 83.537498
90.973534 23.187212 532.808350 103.612816
22.316631 10.057381 172.131699 177.153397
42.434570 5.914300 486.232544 91.217430
55.248760 15.261796 273.803375 428.186768
51.646919 8.104170 428.587036 456.968414
16.872513 1.016167 159.491272 72.897606
58.745289 10.033704 477.173157 219.731110
30.505285 4.506313 206.979492 350.200562
24.516964 -5.599507 122.146393 74.753136
16.928301 9.709136 156.009354 142.981049
64.243233 -3.931218 495.488617 86.800835
32.267582 4.585762 293.185089 313.328766
34.039139 6.281693 354.406860 75.339310
63.169415 10.649943 359.848114 460.740967
77.519867 14.424708 501.441010 207.008148
57.278069 14.403255 338.696899 246.191681
93.233574 18.574652 542.336365 409.334229
33.044956 -2.972993 109.364098 241.612564
34.360134 11.372983 286.385590 380.632507
31.666096 0.433941 152.052490 297.220184
42.949680 6.422537 403.583740 205.867706
37.130550 3.557231 151.574554 268.473267
96.687187 24.672235 558.688660 114.942520
24.363394 2.609491 161.021255 290.263153
21.633947 -4.072002 317.342224 247.602386
34.845146 19.615662 291.310211 232.048965
31.765591 4.589775 340.580627 64.412895
51.197136 6.526217 413.152924 408.475067
47.761078 17.086622 417.715851 366.404816
44.112995 8.019079 274.529907 230.162720
80.704704 6.312465 389.162537 317.549225
62.781010 8.425342 222.981674 482.181000
72.141060 15.961459 358.601837 339.045197
67.555061 2.932752 398.390503 299.362030
46.563610 5.041471 243.148712 283.004913
25.099707 2.404819 326.076691 345.081390
35.918041 3.534252 379.657928 335.674316
52.729374 4.303668 442.164612 278.984741
26.901699 6.721673 89.503952 239.651123
46.415184 5.240206 309.817627 205.243332
77.181587 19.525240 525.169617 443.417328
47.396099 12.430131 261.207306 404.145844
52.228153 1.416011 382.698395 486.586578
28.863955 9.057415 189.440308 239.791733
58.113213 13.349005 282.718262 341.323578
34.116474 7.639595 284.109253 76.238716
30.690884 3.639724 211.990494 395.942719
67.999741 6.160556 315.973236 341.555054
60.796108 -6.612538 289.722900 377.526581
42.539745 0.809307 443.455902 279.468170
38.013191 4.651528 124.266258 254.672623
71.479736 -3.764493 311.758514 372.485718
57.884472 1.846772 263.039703 395.477386
23.715885 6.458795 184.097778 305.230103
16.902338 -1.622443 177.400940 104.907463
71.119324 9.294799 352.453949 447.600983
56.124306 16.052086 332.195679 88.802025
45.284824 0.818810 350.074097 143.403030
30.850441 10.609421 154.571045 278.672668
36.467136 0.509334 269.768158 170.675491
77.934189 9.026567 390.324585 305.802582
31.051241 7.737882 222.451111 274.980225
39.176731 15.805220 184.829590 226.892517
34.078041 11.199197 164.246643 368.340698
66.486061 5.329158 390.370880 339.653351
44.693684 10.460014 218.088989 137.493515
51.738625 7.412978 348.281097 322.409058
78.436569 16.040108 454.488800 173.102066
41.878178 -2.502927 185.961075 413.690063
38.425159 8.803308 160.568771 333.805756
22.527317 0.268475 259.115723 192.214127
76.249397 -3.071545 422.859344 450.113434
51.940754 2.705772 443.360565 355.928467
36.369572 6.161632 185.799576 428.311890
30.156721 13.068130 279.899017 53.118435
25.941307 7.204339 114.512421 249.939606
48.077206 4.829778 153.767349 464.859650
42.255535 1.809964 281.041504 90.061478
48.570843 -4.548249 382.465179 122.150070
44.173630 12.626174 335.692719 83.034637
48.765495 1.721941 290.432007 153.329483
32.509197 -8.087337 383.117981 70.767326
70.284439 -5.402019 561.206299 147.377884
24.657530 5.718585 347.267548 162.254684
30.478100 5.756945 135.596848 188.545456
70.951523 8.301721 264.302612 381.329376
45.221630 8.016109 326.696899 417.049561
44.117386 18.253952 365.530945 116.124832
28.282873 0.821283 204.998276 159.900894
40.828136 -2.699426 215.649826 230.465576
31.887693 -5.318330 197.318192 115.712975
40.449512 -5.817546 174.111725 333.468933
39.045815 9.697054 416.626251 466.440033
25.495468 4.666902 69.183784 158.388962
47.838268 -2.547370 231.874939 361.378632
50.118668 9.856655 345.363678 148.837418
41.248016 9.613269 171.959381 283.707886
37.090328 -3.025562 366.709015 160.483612
32.039360 6.111012 231.427658 405.724854
36.479485 1.517857 238.577301 255.912033
43.727314 -2.715794 251.761902 186.217880
89.523155 20.409077 503.702942 167.900467
47.591251 15.165200 453.652435 276.867249
67.065987 9.924716 317.087036 366.404449
48.071674 8.868428 321.549530 171.691254
44.860401 1.429184 246.179810 229.387253
38.801636 9.632993 340.215485 232.313278
89.636307 14.206244 542.540833 183.298111
30.015560 -4.875123 262.920319 231.010818
30.974590 18.317150 209.640045 117.338509
33.530628 -3.074381 358.197540 184.429367
45.333801 1.565696 224.072266 254.405731
44.704693 9.427472 412.148895 428.109894
15.094947 1.375221 151.376511 207.934494
34.848209 9.508588 171.927460 198.565582
42.427433 15.624557 352.954956 255.270233
31.284897 11.193467 101.123520 346.010101
37.799484 9.108590 272.289490 291.377869
24.020313 -0.144051 119.291107 140.607162
58.867031 0.117446 206.525497 390.243591
43.306171 0.147091 215.615433 242.298294
63.915443 5.697126 417.405579 368.895050
33.205715 3.755298 220.586609 184.315857
34.415001 9.221499 198.418396 336.422272
44.231133 7.263843 210.645615 474.441437
50.598846 8.879516 395.615875 182.538391
23.334469 0.961759 151.073807 85.502045
98.556519 5.913733 475.147430 393.133118
41.192650 10.067758 386.944641 312.322174
27.231113 19.284323 142.296509 239.777084
51.418861 10.898567 437.506195 403.333832
39.419380 2.577813 343.896698 242.467133
40.553699 -5.776912 237.638397 229.679047
28.990171 7.261225 419.971161 147.345352
56.975838 0.086210 219.794083 294.112061
28.583694 9.868093 125.734726 217.109756
35.338108 7.124049 204.086548 433.818634
95.089874 -0.602465 460.350128 481.818665
47.727467 -4.128260 203.647339 309.881714
17.487457 2.012312 185.140793 119.046974
25.367453 5.285253 217.217682 76.727112
56.532757 -6.396638 192.651749 467.217834
94.723282 7.864930 539.741333 494.803223
35.682884 15.890158 249.025330 58.419861
24.160749 3.212592 139.036392 114.601845
60.186974 0.024037 226.945755 507.318298
40.655235 6.590104 255.993164 125.959946
92.710335 3.967208 395.483826 463.276123
63.057674 8.159804 301.363953 404.420898
49.004581 2.986915 258.229889 326.463715
45.499863 7.114912 331.079803 166.237503
24.171705 3.319119 205.172623 157.646393
57.867893 8.021470 206.529007 449.990692
23.800434 8.778696 262.953613 78.730148
41.467529 11.768214 291.290985 131.444809
106.999306 18.686350 533.521484 443.705841
53.964386 -14.190940 469.937286 130.866577
79.014008 5.443834 333.452179 437.729828
45.470127 4.064355 300.850220 80.062439
42.735619 3.698240 242.692932 416.102051
48.541714 1.303496 157.956741 419.765533
39.727333 3.974807 307.908997 285.285675
47.528976 8.360534 246.822388 177.349670
69.108078 7.460115 330.270996 306.725067
41.044769 -0.064749 239.765900 448.224915
29.580408 16.901903 175.232498 73.555344
105.873161 8.616110 549.649109 463.637054
50.405651 -0.959917 375.312347 262.144073
35.338127 12.549121 209.350769 166.258499
22.764116 2.547990 167.036530 119.931274
42.514084 23.647821 381.569031 93.373642
22.044579 5.663478 255.168976 224.724594
47.314583 10.246462 278.664978 198.041733
59.918636 5.448167 424.802094 454.830139
91.135521 10.554208 536.051819 430.715179
50.317913 -4.326906 443.474304 149.317200
69.584343 7.857553 357.172577 306.656281
60.421864 15.243780 391.845520 180.110764
25.482121 -4.510357 257.789093 77.884232
57.541721 1.643829 314.002289 444.071686
41.155392 -5.394940 150.871567 241.839798
57.428326 -2.639962 262.693085 280.843933
24.929405 17.452501 211.692841 215.379013
59.092785 15.174703 451.283936 124.665611
50.316792 -0.819182 205.332748 392.377625
47.786900 2.525934 172.408691 394.149933
56.372723 9.489647 447.678436 312.188354
14.279451 1.541485 177.360840 115.287865
52.469208 -1.692979 372.638062 453.589020
44.763981 21.970413 203.177811 281.290924
58.908691 11.536469 238.943680 320.398804
64.650017 4.446366 335.240204 357.014252
33.176456 7.969363 228.850647 170.115112
46.017628 13.246121 423.914368 148.227158
32.619339 15.605589 494.266327 123.947128
48.873386 6.149035 285.549500 420.386627
45.082970 9.942803 170.303299 325.432587
65.122986 -0.116090 339.172028 358.008881
51.751801 -3.493232 229.596268 490.678772
21.817204 -0.739210 201.152100 216.511780
29.846247 -1.987313 125.543343 199.125000
22.275984 10.814281 229.947784 268.481293
42.207077 6.579340 259.718597 396.134888
26.951031 -3.510501 235.800949 137.377838
34.728149 6.941259 226.498367 341.775238
68.277733 7.777113 276.705109 333.455536
64.814125 15.652915 348.855499 120.879646
61.980949 5.330079 499.186035 205.556305
46.873482 15.053044 211.302292 472.803436
22.696594 8.520770 208.737900 198.215195
60.198708 0.611358 308.670258 452.977600
68.949394 1.303760 402.960968 474.036774
43.380936 10.606814 271.583099 104.363045
77.346207 13.376586 442.198059 408.303497
59.121845 6.333792 492.036652 160.709137
40.128452 -7.189780 308.160522 134.888718
72.295258 0.448146 461.711945 358.258148
26.416515 -0.469863 345.259613 128.185776
20.077612 14.052188 170.081604 62.603752
30.654741 7.096002 382.141693 115.241371
26.967754 0.892627 143.564697 205.217651
78.015266 20.870346 472.399872 141.416687
48.066612 14.449708 386.710144 369.432587
31.663197 -4.041117 343.255005 354.479767
44.201050 10.890478 228.889236 278.903015
45.091583 6.034569 326.562897 383.382721
53.342937 7.453547 374.203308 222.835266
52.078613 11.746999 198.073334 349.276276
51.236984 -1.506101 189.399567 387.552734
53.455250 6.763403 403.348511 424.358215
61.979721 0.950551 393.135315 234.137192
85.824547 19.315941 535.910706 222.416489
40.055248 -6.746276 315.307922 374.338104
36.339573 11.159708 252.368179 331.319092
36.008656 9.601878 319.355774 394.230133
34.808735 10.428968 166.942642 197.982132
71.858948 12.841588 398.485138 371.355316
33.708313 9.134690 285.716187 271.499268
82.881874 6.661979 451.205750 421.082245
54.156334 3.031102 279.919830 371.757446
62.944157 -3.073977 338.842438 313.188171
40.699448 11.296425 389.240509 62.736355
35.553307 0.558019 450.517059 389.704498
28.383720 8.597736 166.669983 444.126373
10.816268 10.066993 198.457031 118.117897
61.250748 6.825157 477.726868 269.713165
33.974003 -11.090617 368.186249 111.488548
33.872646 11.657560 390.959106 125.625816
51.541496 -2.844661 485.845276 199.895004
71.959229 -1.034399 444.459534 285.107605
32.966824 20.180084 188.311829 243.044724
72.169205 -1.704613 369.462891 396.863983
29.040855 1.523134 274.839325 198.727585
59.723808 3.758225 406.260071 196.065414
49.570362 7.552466 332.510315 348.012848
62.528641 10.794076 451.166687 430.524780
66.120445 -15.377574 519.479614 291.403870
79.836594 13.631948 492.365021 290.517151
46.264309 11.629202 363.076904 96.510559
38.572674 -9.274713 356.611176 291.555359
47.560883 -6.186039 254.991302 190.807602
53.285007 5.995813 517.946106 153.125397
25.609747 2.104423 195.964066 258.216766
33.899246 12.775680 224.019043 350.874634
63.890686 25.990187 391.466705 186.461761
72.317528 1.079488 455.729950 365.666473
22.839766 4.073191 93.836037 264.825165
32.145073 6.528345 348.451324 148.123291
51.964912 13.907217 210.030670 480.231720
14.716434 9.212118 162.092392 131.679901
69.419250 3.915009 399.000702 279.540314
43.086357 2.782956 193.918015 258.813477
56.850048 6.955160 407.994843 288.352875
70.926926 -0.596804 398.084778 264.099640
46.104504 -3.189567 390.632568 316.694855
30.423008 5.173488 192.351593 259.986877
100.388268 6.702341 473.581451 396.654907
43.575111 13.007854 200.535370 477.049286
44.838501 2.296030 187.606689 291.071716
21.499283 -1.696497 249.930893 136.834641
65.297501 -1.501056 471.512146 419.753418
48.939560 -0.934187 368.786346 172.872742
53.294914 -3.342971 173.375626 459.761200
40.224976 13.237726 246.016632 258.008820
85.522354 3.482799 427.088654 334.063507
16.191799 3.996054 168.261551 203.473145
46.225327 -2.376721 200.915009 451.096954
34.679993 14.190652 377.035339 273.002289
66.438072 13.362824 309.499207 238.882599
45.899899 -5.525029 132.738632 364.647308
91.107521 24.531279 526.550903 157.296906
46.506248 11.658231 203.207947 457.754456
51.049984 9.055389 371.056427 258.811493
51.836330 5.598864 408.286743 67.690514
32.004108 8.123122 216.366745 346.667358
33.868038 -3.180439 204.112091 297.275696
50.780495 15.610713 457.819305 200.842300
73.649040 1.217483 366.026154 342.423615
54.705936 0.234089 412.333435 140.923523
30.711838 10.264861 302.800262 180.842087
24.657997 4.591985 126.267609 137.463654
61.802582 10.195460 234.625809 458.107330
42.116550 14.131418 274.259277 219.531540
24.984962 -10.516603 243.653976 91.061172
28.482239 3.496727 388.330719 194.078247
44.634499 9.912161 208.999756 485.501068
71.766518 17.997114 519.320984 238.570587
53.746372 -1.171338 257.789642 340.951202
51.820202 11.870705 265.500549 407.533661
41.500134 -10.686030 126.714493 341.746796
33.230679 7.982937 276.909546 136.172287
64.774887 33.456287 294.399200 492.422485
43.029106 16.330561 365.553253 436.649017
24.744190 7.556152 227.289963 231.144119
92.726089 4.317588 497.273956 488.678192
43.230709 7.940049 198.204147 428.366821
56.324978 9.369695 274.562836 474.925079
32.092754 8.509499 242.760681 145.214157
78.573196 -0.199984 374.568268 456.212769
59.708462 6.322434 310.872101 235.590286
44.680588 9.058553 214.445160 418.759674
56.415916 8.092955 388.976562 178.608185
72.473602 4.283152 332.588074 392.344269
70.184784 13.784806 406.344879 362.667877
50.225945 15.269577 420.502472 131.429245
35.069962 3.997246 194.145157 216.152344
37.084358 2.406840 362.036346 111.790947
92.871574 18.979197 560.511353 247.989395
41.069283 -2.462520 333.553131 426.904572
37.974171 -1.037005 294.243866 368.097931
61.132950 -7.891485 478.583923 161.190857
27.091610 6.413949 220.239716 202.364120
62.207611 0.669104 220.656342 379.024750
96.400116 10.065196 466.006378 456.894989
49.620544 3.959818 163.105270 495.201630
42.957581 12.063496 256.643585 82.755905
40.551239 11.010253 207.261078 200.668259
48.770527 6.935800 283.550079 410.190643
47.692440 -4.784582 424.156006 88.039368
58.956734 19.533640 470.820038 206.997849
64.946297 6.680377 434.323578 118.272980
49.247055 11.621610 340.698486 299.894257
24.342369 5.376931 364.408630 188.463364
31.399509 7.758839 495.633820 201.379364
53.570057 6.538165 248.077042 399.842407
36.550587 7.665878 217.507126 133.824249
36.309772 7.002020 559.285461 232.306931
31.299347 6.720056 146.862564 389.130157
44.653740 6.509359 372.286530 68.318771
51.055248 13.773047 249.407639 223.955383
59.267307 5.026294 435.685516 441.200012
18.751297 1.657835 346.845032 109.102585
38.960865 6.036838 223.612534 224.600082
32.580410 7.058871 154.623901 236.367233
44.948143 11.901811 426.704926 364.022797
30.032028 3.694624 198.018539 199.003983
70.535461 6.011236 447.089020 298.131409
66.652191 6.102628 226.609070 417.998108
38.458286 11.551892 367.390930 410.816589
59.174404 3.362561 517.954407 358.126099
49.899658 12.696815 297.338013 211.913116
74.227295 16.711252 431.459198 131.672379
51.640217 11.004653 440.220551 470.297913
21.666548 8.959453 329.717987 144.239914
60.668289 24.402845 431.569183 192.343765
70.410393 13.750424 305.222382 443.213623
43.983822 10.251638 341.916565 401.718536
42.505093 13.297944 425.595428 216.633591
85.258507 16.007229 477.384460 171.841934
29.946177 -2.893289 160.702393 62.353771
59.046848 19.682285 497.455353 129.888901
58.078007 3.713492 389.051208 252.134506
21.490768 1.551772 225.092834 50.528690
79.681976 1.380736 484.105347 432.487213
83.495972 -0.721106 439.781433 380.777527
30.570347 6.638227 405.925201 195.788956
34.663376 8.488776 331.310150 188.499573
25.716284 4.144959 133.036026 311.676331
27.667091 8.308193 133.812714 149.045959
29.663761 3.928322 214.682220 73.213646
30.129404 12.206508 313.762665 204.872803
37.897247 7.618023 232.432190 240.514694
23.464680 9.196486 107.014084 251.943558
34.320095 8.578405 299.720642 301.982483
11.276021 5.390919 134.277832 155.549210
37.656811 0.802268 130.171265 307.889923
63.620975 2.277894 324.197906 426.742371
71.472755 -5.969355 526.049805 245.265091
78.275620 7.411304 393.940613 411.133728
63.357666 12.497873 362.312775 316.107300
51.638409 13.599475 185.608948 440.396149
39.632778 -0.410264 242.787140 164.339813
43.205387 0.309507 422.712280 198.635956
57.198574 0.199106 253.732132 511.139008
63.201412 19.537001 364.890106 283.185455
54.858494 12.867703 418.676331 136.003510
32.532425 3.558665 304.454224 108.357506
31.053232 -2.395011 174.870056 295.672913
78.948692 3.851772 445.546204 430.002228
26.874243 9.298110 412.188141 228.587509
43.945004 17.292820 165.342331 298.922363
28.084347 19.069736 181.150711 185.556702
60.813808 10.797359 546.368652 174.990799
37.382790 9.768148 319.313995 127.647804
22.155300 11.087525 275.177490 195.127182
62.955658 -7.656469 384.486664 300.669098
23.371935 0.904158 232.449707 118.188553
32.009716 7.108735 111.742256 331.016632
44.589462 15.746769 240.451996 204.524902
75.199646 15.844384 444.621979 463.527252
49.420559 5.486372 166.597900 341.948608
54.251770 2.194902 298.189911 160.510590
39.396782 -1.454580 386.824371 104.266731
33.327286 -2.808215 218.644363 187.582047
38.299530 -1.507705 338.709473 336.156921
70.836090 6.572375 349.821259 374.996063
23.862297 5.673546 285.405121 154.308197
19.404444 9.837472 80.702568 217.439850
28.016773 5.121584 435.210968 299.260345
58.055962 11.867394 507.279938 172.327271
50.846325 -0.618453 471.788208 476.613403
38.351307 15.591720 195.423141 208.570328
27.692198 6.029917 186.919525 156.726318
47.944660 2.061155 265.602539 248.722977
50.008678 4.356714 392.504700 246.155792
27.419655 -0.012862 194.357635 203.056931
52.549709 2.953629 312.780151 226.181549
47.664207 -6.123840 378.971466 158.027054
67.127708 9.917999 371.237732 147.094788
39.713741 6.868709 204.662476 210.285324
65.207024 -3.665178 257.554901 511.612305
33.903721 4.811341 214.158585 493.709229
41.817764 11.152094 280.609711 217.802750
32.444561 8.475465 302.538391 288.343201
63.432598 4.613154 306.859283 365.187531
41.531979 13.881234 371.929047 69.825813
45.340500 2.961425 447.722107 96.373337
37.591759 -4.365515 428.303528 243.355453
71.354980 -3.203679 290.016327 431.631836
38.400070 12.360517 149.407104 295.793182
75.573555 9.975398 432.497375 249.896500
57.381931 0.820670 288.739594 365.018494
77.031265 0.894733 373.481842 508.492157
28.073711 19.079494 144.262131 247.815582
50.847111 9.777864 350.148224 70.354126
33.769585 13.638712 172.779556 154.167297
26.027830 7.549835 335.419617 85.557686
44.143635 21.157240 339.256195 183.717133
64.216431 9.839869 329.531525 396.785950
58.564907 -8.037879 471.431000 102.025612
94.680618 12.983684 447.208588 388.017731
40.727409 8.913903 426.258179 344.166168
71.095734 6.904604 412.190826 391.862732
77.822113 3.787497 455.656891 290.522095
45.834587 11.285041 403.008972 99.974068
90.386223 1.776461 549.162903 342.682129
47.821018 5.922402 249.749115 300.752502
47.255882 10.136809 204.056839 472.743866
45.358341 -3.378017 240.515976 214.185516
32.572414 4.859854 182.551849 186.277237
83.349144 19.108629 421.153473 488.447296
34.732773 4.111318 203.504440 425.092834
31.281080 2.403316 323.616211 51.828709
48.089588 16.418215 418.336884 293.853271
15.047919 -6.169433 190.338852 52.647137
45.181232 2.275746 229.035995 411.276825
74.419586 -0.738599 400.440094 457.687592
54.005596 0.085841 229.303345 410.833923
49.676090 -1.279054 245.314529 358.463074
48.315037 -6.527972 229.833267 331.748505
35.241524 6.076648 200.945572 444.056824
38.954342 3.660060 186.506149 446.152985
17.621670 -0.862089 162.867203 63.134499
15.765930 0.980880 85.473289 178.562988
50.779224 -1.064553 450.886963 78.853317
35.804169 21.692648 315.193329 76.763306
39.035992 12.637444 183.640991 274.763489
15.604177 -1.142426 98.809875 66.731773
58.344997 -7.496377 479.121368 337.273804
20.072483 11.781361 136.463455 114.797226
23.915306 2.897518 238.258331 192.460342
56.665310 17.711464 452.437927 281.160309
36.596581 0.291133 157.237137 223.758072
55.223656 -4.406051 294.307434 229.379318
44.014938 10.961350 172.003464 471.809937
43.532616 11.233469 311.019470 101.898209
52.624348 13.604693 299.964539 422.205017
28.459074 -3.235476 194.922714 116.386177
56.101635 -1.768718 381.845001 505.367889
27.826477 11.141621 181.515717 111.556015
21.158255 6.945354 194.568542 126.595085
75.443878 10.269730 325.400757 407.554047
57.092537 -5.465474 213.139542 444.030090
40.959084 18.865126 386.780151 222.926697
49.702435 0.529302 333.837189 224.497528
46.273602 21.432514 270.545227 358.490662
46.490753 20.881815 397.161469 332.917664
58.844265 -0.356227 531.630493 301.495789
40.041451 -2.753688 288.303406 223.014297
26.375540 4.519564 131.398239 279.864075
23.314774 7.691676 286.163177 189.047577
25.601053 5.410601 147.387314 73.743874
30.558895 18.674353 163.673279 236.324356
66.302292 17.918203 449.045502 237.025558
40.003162 5.111446 194.074768 401.974274
33.052639 10.267224 278.906189 285.674011
72.491272 1.676864 539.217041 261.708221
45.319702 17.949339 238.137482 190.552856
49.035065 2.408125 321.598480 269.575958
23.584358 5.169198 203.925186 92.658722
50.449646 1.393066 157.340317 453.054840
90.789757 17.849852 480.476807 188.402313
48.924469 7.261024 290.340515 206.608521
42.640411 15.931769 193.003754 322.776764
38.044941 8.041826 192.701630 169.855347
44.887302 -3.911850 306.148346 159.207413
81.434181 8.961704 385.366455 335.046906
50.626308 13.094521 470.947479 470.079620
39.555641 8.985037 330.701630 367.815216
22.463463 2.245924 108.908669 78.234962
35.298649 15.571479 237.166275 150.415024
16.016289 -5.478340 263.948456 182.661774
49.414402 0.536617 224.878220 285.216187
24.887114 -0.352019 293.152283 217.781342
54.067081 -4.002498 469.367096 273.978607
57.729580 16.815641 400.499146 294.555634
72.416397 7.622439 347.236816 505.188019
28.903448 2.939710 313.132202 139.383530
28.011806 6.715815 130.146591 285.317444
82.271111 11.531287 485.717438 428.338776
47.288303 6.793370 140.639160 411.753998
23.392769 0.886667 181.232559 170.934875
65.598877 8.870525 378.593628 283.713623
50.917465 -0.073214 515.494019 471.017609
21.847193 3.172628 317.125702 182.771545
50.648090 20.594196 265.285126 447.403381
35.544857 12.044358 185.798767 420.909241
47.177212 8.035211 296.608948 243.736557
55.101151 -1.042060 507.030609 291.266693
41.958717 2.868834 527.272034 106.289131
39.333374 3.711608 368.320343 437.554779
20.650167 8.654329 140.122253 176.044327
47.859432 10.157902 408.350128 511.930145
47.303478 19.830486 201.228745 462.012848
23.752331 6.031828 187.224747 273.239441
14.979480 8.582061 117.119293 84.770241
37.143040 8.869729 311.985657 219.194977
67.364166 5.888925 415.686493 369.326080
15.414296 1.120505 344.599030 110.826263
20.180254 1.500867 189.984985 54.190178
60.921623 13.032813 276.629669 255.792694
37.913662 0.739015 207.992126 447.232361
75.396812 -3.550300 422.440277 310.841217
80.554070 1.555005 355.184479 395.390961
44.334965 -3.934175 194.378937 292.571350
33.263741 5.990428 118.776909 318.018768
43.900417 14.329099 211.194305 460.740356
81.252380 13.889316 325.728821 443.893707
58.142433 17.011511 252.961304 447.698608
29.901285 1.946028 223.893860 120.084953
23.405712 4.489241 191.308365 210.637573
36.041531 5.115202 242.385223 140.225372
58.549858 0.619007 311.013092 281.075958
59.026562 6.395508 254.590637 373.491516
63.085571 11.488576 359.408142 432.216797
64.776825 3.712490 490.393921 365.541870
34.060699 5.243504 254.305847 315.241150
41.641495 1.880975 442.699738 326.367981
42.921375 2.843787 315.823090 117.677147
50.485310 20.100847 254.304962 388.964111
54.829754 0.972577 318.135162 386.250610
39.431957 -4.560681 165.441193 328.303558
35.365509 17.732159 196.868042 399.856842
59.203579 15.554991 287.031769 336.365082
38.717854 6.951091 202.912567 224.191101
40.690052 17.728268 155.786377 326.737335
42.099964 6.274528 164.030975 445.741821
29.746868 8.836240 284.249237 93.864708
47.115108 13.898951 211.175934 444.559845
64.176590 8.087958 443.624237 193.298096
45.216999 15.193195 313.477631 160.651428
13.143801 -6.756714 187.656036 62.294621
23.267710 0.935819 142.678635 170.554947
74.264130 7.202755 321.415802 386.263611
29.395851 -1.826396 356.257324 233.946457
42.381153 2.944142 298.044647 319.548706
22.400858 12.406747 105.132027 312.502716
55.253414 -10.361681 489.549103 172.276642
38.625580 -3.920519 432.368103 292.604218
29.287613 -2.739069 183.072708 261.230408
54.559784 -1.348568 190.549500 427.191895
58.341766 5.930840 316.796356 178.765854
27.767824 11.619173 142.763031 195.744522
84.326691 -6.584176 445.517120 469.032257
38.234455 -6.905010 357.886383 129.190750
33.461170 1.833120 280.369293 227.473679
30.221596 7.239310 220.146744 213.012939
48.157581 -0.059669 194.039276 399.412720
55.223667 -4.887536 496.681183 277.661957
56.825375 -0.037816 218.422424 341.183350
30.896030 -0.681957 207.232269 225.641617
40.379963 5.444174 412.329590 69.357246
34.722424 20.455420 289.952789 73.646721
31.940096 2.082460 362.781525 153.630325
39.498531 2.122861 381.612030 73.226486
31.708338 -4.099742 144.382690 233.791092
31.260460 1.107456 191.263809 348.856537
32.086548 2.576141 287.729431 298.150208
37.777588 17.600641 382.592438 294.620850
24.933706 0.790609 191.453934 211.918854
48.259090 -9.265104 401.010620 113.151230
63.807240 15.475019 359.028900 208.142334
77.439148 11.668664 412.722687 401.581207
42.465626 3.073613 143.165558 380.048981
30.102674 16.885750 305.326233 48.146564
51.607037 10.168211 458.925568 434.907684
28.872564 11.233064 213.200775 231.316818
70.491676 15.911566 431.703400 170.942490
90.054688 15.927178 471.637573 360.040558
18.357651 -0.911778 134.681381 155.515793
20.727581 3.613247 149.698135 29.287828
44.709354 1.435219 349.805389 269.737701
26.544758 4.274393 288.035431 265.797638
26.513979 2.567771 278.084381 154.347244
37.255676 17.400381 174.558914 392.107483
40.705410 8.297923 154.752594 439.427582
25.149588 5.594747 139.542740 116.299454
58.991783 -1.657387 304.244995 308.969421
38.283123 -5.643904 203.294540 233.529541
24.106611 5.904282 228.535828 232.195297
52.340588 15.584882 316.220459 246.111588
43.052975 3.586113 231.624557 182.165131
58.252384 10.467626 325.216797 475.120453
67.873085 8.860139 334.461212 441.542328
50.939487 -0.014720 483.143921 205.236755
27.958281 -0.146103 292.792206 125.671410
67.420143 3.659709 466.448029 314.537689
73.250175 -2.378662 443.327332 372.344940
41.837326 15.296045 275.621033 459.398895
66.636398 12.455487 486.038055 143.419662
26.272467 0.905006 192.091904 68.398987
20.009760 5.193150 348.176544 159.255020
51.800728 -1.773539 377.271606 518.161621
20.618803 8.792582 98.066933 119.084343
51.439774 10.141223 333.267273 223.103149
60.522438 7.610760 437.259033 100.222572
39.122086 10.800025 206.179993 473.271912
79.344368 8.477226 420.278320 223.750580
33.184742 8.131703 170.573730 246.876572
12.576695 13.038201 96.539787 156.545273
35.629589 8.399338 245.720047 45.618301
18.296104 -6.721878 334.072510 220.483337
34.048321 14.335531 325.881226 54.316414
26.535894 1.100794 144.541962 245.578461
104.746323 7.481563 554.218506 413.601440
45.571136 8.639606 171.295486 415.388397
40.662914 -7.355472 358.444244 50.501289
29.417307 1.304705 192.761002 119.823151
26.267292 5.742480 236.881500 67.941521
32.887638 1.138303 190.289261 355.147400
26.996635 0.007022 217.729919 264.580780
17.688110 4.112926 104.688728 203.508026
56.618004 -0.149296 525.547119 207.396774
41.252415 13.081807 347.774445 118.303955
49.042622 -0.586281 383.929962 485.893219
20.694019 -3.825497 230.851089 96.498528
45.636608 11.700440 367.779053 471.885376
37.082176 1.159343 261.201416 194.510406
14.656834 3.114291 214.157547 128.430878
61.961346 5.557502 362.066132 322.855286
28.642904 -0.649116 97.257210 237.666687
69.358307 3.687701 292.773956 493.686981
68.498093 15.999948 377.178497 418.607483
57.564472 23.612440 491.446014 402.034424
19.780350 -4.419431 88.821228 182.130203
52.057144 6.048148 528.168396 91.842972
46.068260 4.968339 355.510773 144.806259
57.420982 16.582888 473.096436 426.573761
11.100381 -3.315556 251.764893 84.037453
44.216888 0.893217 228.730179 263.397247
32.765163 15.153609 245.306290 468.758362
26.470707 5.098564 265.531555 48.221512
55.915169 4.462449 231.085205 497.095886
83.754181 14.018939 473.356445 342.469177
57.242825 12.915003 548.248840 179.553635
55.487244 12.890727 417.084686 123.092636
58.522507 15.651776 352.432709 95.301338
35.224102 8.047257 110.824722 302.447662
34.561932 -0.901319 279.049072 119.813225
36.870644 9.669322 300.970337 307.246490
34.851917 12.617906 187.530640 263.673889
32.794590 5.564594 263.783508 78.044006
37.945385 -3.595273 451.363037 323.502533
71.171806 -4.827551 384.309052 395.050293
23.247501 10.571227 167.592422 278.975800
66.071396 22.635874 313.885559 482.471130
54.812935 13.211537 299.545776 96.590965
74.018219 -0.310151 415.756683 355.666046
79.025444 13.696180 434.357147 474.172424
29.620106 13.001516 273.611938 298.650574
35.648018 0.904107 468.400024 335.330170
37.831615 7.583508 192.583298 355.740448
35.407917 -4.830654 150.939713 265.211151
38.121349 -3.776632 166.281525 284.132355
65.573761 5.899854 338.221954 335.156403
58.370586 12.220909 312.971405 209.384323
46.296146 4.258759 156.079269 456.818359
58.094318 9.881906 198.061935 440.097504
46.880302 10.955231 316.451172 194.421570
16.033501 18.327396 148.272217 138.799103
54.184414 3.910522 184.602112 355.868927
74.531433 8.549607 294.765747 454.232330
51.592953 6.909537 167.438614 411.953979
45.619488 16.210100 349.581177 124.308495
56.016148 26.068041 241.958038 386.611298
73.672089 -0.749487 294.933441 383.390350
17.112221 -6.187996 248.847031 145.101303
31.518961 7.197283 185.359970 385.051025
74.603081 10.179229 413.706482 169.464508
74.298691 2.107538 466.806366 208.439285
89.247650 3.644356 457.718964 347.690704
56.191513 5.265612 300.335968 523.566895
54.531902 9.352760 258.956940 320.829651
31.345291 2.512916 195.544861 104.517006
31.694429 8.594739 167.708298 403.104401
40.760864 4.761228 113.199135 344.789612
37.192005 11.854458 306.560181 338.816162
9.092752 18.693455 174.403198 77.419884
52.961353 5.959070 306.794373 252.660629
83.993484 7.364171 401.116302 455.916931
26.040380 11.165485 230.774567 360.215485
41.084003 12.230308 213.208832 396.658447
47.956875 -1.058736 233.356979 364.576019
91.897141 14.123264 421.046783 400.998901
93.768608 10.162825 449.579926 390.669373
54.999531 25.555408 527.545044 111.805481
45.581375 9.177628 274.332947 481.169312
47.284573 9.081256 365.980286 373.543579
49.324718 -3.954718 304.752380 199.723648
51.065937 14.358248 374.830688 262.216370
70.972092 8.081843 369.022552 392.850891
32.164940 -6.402345 189.278442 206.656494
79.020996 18.806112 377.265991 408.445526
42.747410 6.010906 436.844604 368.684875
41.491600 6.577922 325.424316 311.213379
32.533829 -6.001500 338.897675 131.915558
49.398678 -0.940701 165.260513 402.102997
34.418137 8.376225 183.847900 122.160477
36.419529 12.059880 257.433533 472.080933
38.596912 2.623087 283.979889 378.391785
24.977396 9.606441 153.683014 65.440376
48.554829 -6.274404 182.589325 386.038788
45.593464 10.774944 286.178345 71.900856
25.721146 6.593712 318.781708 152.844437
49.662636 -6.874613 499.892578 239.284561
41.158951 3.080985 227.415848 346.990204
36.699261 12.774249 179.251602 368.653229
45.100857 -7.970853 206.471741 230.693909
49.917721 -8.840374 400.907990 119.443825
42.565083 -0.280225 408.663422 406.151245
66.521126 -1.881374 365.249878 344.469543
37.138447 8.587741 299.979218 466.085419
47.519932 15.830597 328.480499 132.982635
32.293709 -0.178668 145.250824 296.120544
68.764008 -3.228898 374.950165 364.464264
72.289383 9.979019 312.010986 320.639526
48.735031 0.525996 171.857864 436.813873
38.517048 2.316052 234.830994 201.667816
48.730610 -2.107764 235.581299 411.395111
86.511147 17.008654 378.038055 478.519562
71.146286 -3.454140 259.849701 492.910645
38.104649 10.502467 284.962555 406.485535
92.872612 -7.594637 547.542908 430.388519
81.016045 -1.187013 386.073578 365.001678
47.893494 7.328945 401.126373 87.684532
87.082916 4.118927 494.719635 407.266083
50.099472 0.481760 187.015091 452.180054
76.722710 -4.543799 418.677429 400.425262
18.570255 -11.106046 231.156982 116.021919
19.525497 1.659816 104.509674 116.460075
50.495716 13.747239 323.436737 335.411224
27.401472 4.006951 186.921356 276.796661
29.298416 5.263212 158.511154 143.985886
43.016953 9.637909 410.991974 218.677902
25.243063 -12.693461 170.723816 234.728134
23.735903 4.171119 125.104668 93.207977
43.009853 18.681448 398.610657 314.486084
70.470139 11.532845 422.523438 411.262207
34.000355 -4.600295 232.999313 299.447968
46.173916 2.597453 351.960480 329.924500
54.974449 20.203882 424.180939 128.184082
32.952579 7.137880 496.898773 228.114059
16.110241 -4.011797 145.029984 103.915009
48.262989 10.794333 291.561798 313.895111
28.213955 1.399712 97.491989 268.600555
84.624580 11.476495 497.794769 312.709656
49.598766 4.983321 382.510559 413.685364
34.756050 5.624294 373.661072 312.824799
17.971855 4.450547 266.343201 167.586990
31.093819 9.894950 340.305817 337.556122
38.736416 1.867443 228.842590 454.905029
46.862255 3.511464 207.903244 340.052307
44.409855 5.454589 255.867752 387.822571
30.946188 7.364287 124.072754 301.115509
39.598179 1.250033 546.255066 182.871750
22.669573 9.122906 161.767197 41.841808
17.737759 -5.645672 137.391113 115.828987
41.167793 12.782170 246.480225 257.232544
35.660114 2.969851 382.628052 261.092407
37.658630 -5.588630 289.816620 130.164169
60.198013 2.105687 306.382141 281.199921
35.009346 8.833876 305.986969 314.961914
23.414810 3.240426 132.116867 359.442108
52.561615 13.852392 310.959625 67.241135
34.029648 3.551400 344.525055 344.674622
44.899502 8.358534 238.650574 359.973267
64.355591 13.092538 332.075684 454.805695
49.173122 1.770194 310.034851 491.828796
52.957203 1.452283 229.500732 372.342316
22.124519 0.547716 164.604279 68.713394
42.519672 14.344230 217.208145 415.686646
43.740807 6.447654 335.206421 207.476746
5.964391 0.201309 63.170017 80.442719
59.948864 13.507516 302.921051 429.294189
62.261913 20.397509 348.139618 90.555199
29.320879 8.227736 299.723938 316.768341
24.711523 19.732267 326.140747 275.847748
22.951654 3.637267 179.680328 87.436638
48.390907 1.251840 446.651276 264.345001
73.614670 8.476899 395.705780 310.501892
15.149736 -2.788165 155.433823 82.012726
18.451191 2.651787 358.252472 112.221298
76.592499 9.476197 418.744934 441.477234
41.733036 10.642467 255.486862 429.885712
34.776440 13.236805 306.824860 285.163208
30.271023 9.819382 160.813644 232.742157
29.147505 2.906836 226.113281 47.160866
71.005501 17.171265 454.067291 218.314575
29.539764 12.510673 270.062347 361.830536
35.584248 12.528201 181.761353 157.811920
64.298035 21.212337 304.663513 471.473511
49.827145 5.619984 301.041595 238.799698
26.662523 2.494647 298.167999 46.227139
42.400547 14.172427 563.121765 195.931732
51.785648 -2.030837 236.906250 420.672302
45.622623 0.767469 152.830811 453.913025
25.016544 7.680578 196.159058 229.490891
30.762110 2.722113 285.555725 128.531815
41.498806 8.840343 370.623566 322.109894
66.625069 12.323977 310.631805 442.725311
71.842598 18.730877 375.950317 106.248512
66.390411 10.473701 391.294098 183.582596
60.711170 16.123713 364.215729 111.170761
68.007935 9.837045 250.804108 460.660889
30.013590 4.346386 205.203201 244.291443
48.804649 9.906420 253.590515 411.439819
54.567692 19.108093 411.910706 227.574097
37.452118 5.154501 383.796997 281.955322
30.107849 2.855505 222.143280 194.637054
54.607395 4.521854 420.346069 459.217255
28.310339 2.745216 441.130524 108.898148
54.966076 5.462040 409.367401 144.278336
61.970135 -7.127166 211.166946 495.830444
32.136208 7.301890 306.207886 68.977867
75.677704 -2.581955 416.682922 371.554047
33.413113 -0.748991 170.884079 216.268631
60.580959 13.929273 279.424957 429.183380
35.856396 11.437698 204.679626 471.808411
34.558258 13.142006 287.843536 409.596741
46.056206 14.464890 325.321777 426.283142
65.856392 11.213336 300.007782 412.255432
97.406448 15.069810 521.384094 414.668945
45.709400 20.333241 240.869110 240.584869
56.398972 8.163522 228.060455 380.079742
55.105480 6.607396 305.221191 267.134033
54.424862 3.990743 246.054581 488.885895
17.603268 4.297379 180.268188 223.204025
45.719006 -0.583085 505.177307 56.720932
28.355339 -4.218709 141.396530 174.525192
56.670021 18.949146 476.355560 114.952522
66.783020 8.743039 290.451599 373.291992
44.988041 3.245448 168.032928 425.473236
40.964619 0.081409 209.566956 383.828888
46.140732 12.625289 381.709564 490.717896
27.844677 19.252535 141.026154 185.285629
56.630295 9.313392 193.365036 405.989197
32.159069 7.823302 178.880219 335.070770
60.740158 16.661165 298.746063 462.441772
47.310291 5.639699 161.890076 384.046356
37.290272 3.972529 158.752289 200.921555
62.903770 18.662264 568.629089 102.636665
56.319260 -8.415319 240.039978 339.844391
97.711884 -0.663439 533.929871 438.107452
71.919205 6.688812 356.003265 332.528259
86.158592 0.815133 494.344910 352.063019
35.556110 8.196729 250.157516 340.694672
36.894882 1.454016 352.892151 132.764603
34.761848 5.253341 279.025848 163.251678
47.319515 6.656104 149.210861 421.990601
63.054176 8.138349 306.096985 304.701813
52.702877 17.917341 439.292694 144.024063
55.892197 6.138771 261.461243 482.959991
41.494278 2.979343 262.732391 199.333832
54.153561 12.241513 354.069611 499.858002
19.253391 -3.495372 201.556702 169.693268
47.071011 5.982470 403.165009 330.789185
59.264446 -0.606494 270.824280 461.012421
29.325163 2.850765 261.882538 151.143570
45.929920 -1.957066 470.219452 209.896927
34.504250 2.504750 140.681183 246.236282
40.901920 4.911344 110.625229 326.312775
30.413841 3.830435 367.737885 284.679413
22.753677 2.366538 150.596634 123.563408
41.558952 5.635346 244.287033 189.552826
23.694479 7.342865 194.679749 273.042206
26.771914 8.652956 160.278046 356.216736
59.478069 20.427391 326.319794 440.432770
58.384792 13.293239 425.400421 357.317200
70.860306 6.524804 346.632202 358.327545
46.308239 9.731047 421.631409 500.074524
49.151829 2.426654 274.401459 161.569733
36.422710 7.174748 145.536697 311.581848
36.949223 8.726191 286.919891 374.162445
43.809780 10.600365 295.257660 432.117401
63.010319 -2.749167 545.143860 302.337433
46.544437 9.029087 469.367310 424.597687
37.677986 11.638885 212.656189 238.942764
59.046825 -4.113610 362.946838 292.653320
47.241554 10.446643 336.969788 132.056107
50.840412 4.805816 297.583771 195.127365
59.210014 5.423303 273.497375 478.960419
72.727448 13.063577 424.119232 180.373795
41.611359 11.734103 230.671814 352.494781
27.436966 9.270225 250.298065 85.390892
44.729755 4.875055 308.935577 92.001350
25.463552 18.029762 308.626556 360.425446
18.804262 4.158892 123.617912 225.620834
24.530886 -3.626794 156.344910 244.286652
36.420628 0.513880 201.499390 401.354736
57.096775 2.734468 303.420959 405.791382
78.891022 4.919681 416.124420 472.829132
44.916916 18.507135 275.123383 484.750580
32.888302 11.274906 162.706238 242.578751
64.259216 -6.042912 238.093155 437.758698
42.952557 8.295596 241.615021 398.553619
42.846222 19.723991 454.079102 436.979248
46.897194 -7.294526 200.861954 250.021240
20.017035 11.149009 231.638214 65.459984
33.876656 3.897529 334.491394 128.898544
23.037685 3.640118 90.691391 171.514481
53.655590 -5.783580 243.456558 355.885468
23.858377 2.844626 158.514923 147.766937
40.439869 0.404948 395.474457 414.819580
57.376411 -6.395721 474.118866 165.102951
42.842663 11.461581 214.237457 285.047089
41.346336 1.653791 143.330704 432.608185
55.898296 28.110424 260.916473 439.912811
63.585167 13.232635 453.311890 259.381958
66.643578 6.515472 357.517578 412.600433
38.777279 20.176327 234.220291 433.978699
64.703682 7.137910 381.074615 203.551453
43.939301 9.803661 286.580322 434.624664
68.771767 5.182009 284.435944 399.195984
14.343278 10.850377 191.429260 284.972931
61.181881 25.461588 325.505249 390.537750
35.884689 8.742647 340.868988 391.532959
44.292149 6.824158 340.673859 499.605682
30.766552 17.135952 216.348999 157.969147
42.120270 9.682024 461.575958 270.124573
28.728043 -1.101772 310.506134 233.348511
43.135159 12.248418 214.728882 296.252960
47.184311 9.595875 428.688324 93.645187
47.683907 10.037162 494.635956 481.863342
64.128662 7.095418 270.091339 430.799774
30.183086 -4.054212 347.716644 150.087418
15.215939 7.532590 182.135330 138.733017
43.277855 2.165899 226.514191 222.089645
45.260258 23.110180 334.070679 304.890564
85.643639 4.528036 524.730347 353.010101
44.756485 11.668721 240.759903 519.671814
35.712978 0.914339 316.348694 376.588776
82.721306 0.649624 484.312286 342.668030
69.853714 4.037238 381.326843 347.121216
26.572025 2.463433 173.806793 81.954544
38.448338 -1.576396 164.481689 328.898254
43.644180 8.742332 241.677887 364.042938
57.113701 20.392313 479.778778 204.982742
57.462273 -10.617177 517.257874 221.216110
32.512196 0.954307 263.188934 188.055008
40.730968 0.629523 507.884460 109.210548
69.692696 29.799789 342.080597 481.355927
17.845791 6.817161 307.303436 156.891190
43.366741 -2.306185 184.284485 376.933136
67.728264 -0.692897 286.691864 416.243835
55.943546 3.881728 272.770721 43.466240
18.338661 4.878725 126.848244 105.774620
24.798645 -6.362981 145.839264 125.388084
42.427502 9.434501 228.342331 462.488922
16.341803 7.035153 130.914871 91.705551
28.105633 1.978281 319.177826 144.561234
67.629486 19.156349 476.689850 299.893829
54.805050 1.016842 346.503754 444.588409
39.916954 13.226810 161.344925 421.279846
29.888536 11.722178 339.112518 294.483978
54.517132 6.283249 332.082062 201.211151
25.801899 -0.744063 172.438477 80.612289
49.732849 -3.365786 466.567932 149.224060
29.394783 17.369226 302.849243 346.381866
53.290504 16.010481 252.886948 512.176514
31.690557 7.678211 181.478287 68.214958
47.149082 -11.211352 397.397614 235.946945
18.363657 2.418232 117.125198 191.621353
39.799927 -1.907917 295.347595 324.205536
47.746605 14.695604 209.253265 419.761017
35.726048 2.412256 260.410248 155.105057
40.999329 0.421443 141.649811 450.001984
29.915110 12.395276 402.508362 293.240082
40.101730 0.475372 206.696320 300.960724
49.081394 -2.795600 307.079956 51.313118
35.400093 18.998299 325.359741 297.388977
8.409177 11.328150 137.676880 105.395462
66.434174 7.515510 264.829071 474.085602
50.209724 10.142035 188.116364 473.375885
27.441414 -1.321391 272.068573 198.269302
38.052975 10.290212 201.522675 418.577332
21.006153 -4.764908 256.474579 105.850327
48.669468 11.693321 227.018646 409.944122
41.939365 9.338832 268.350342 197.063873
31.588379 7.269586 171.681808 423.348785
49.473747 2.327646 221.031464 341.759186
54.689556 0.725194 470.533325 256.971954
73.652618 13.890933 406.875824 349.969055
46.330406 12.612951 336.097260 380.467285
34.967991 4.122905 361.109222 160.171844
74.949722 18.163315 410.213043 88.156700
56.400452 16.934704 233.154449 441.633759
17.403076 3.150635 236.976349 188.499802
62.198589 2.689533 380.731476 394.660187
23.580677 -7.452684 171.942078 205.928024
29.351643 15.033517 167.266541 336.883789
40.552696 7.520056 303.148438 92.274849
52.655834 -4.386861 198.461502 454.728241
55.735771 0.088143 390.763672 371.053070
70.916634 22.763138 481.021576 265.943146
53.944630 -5.832061 190.257263 387.421387
47.894054 20.233564 154.039368 434.315216
47.605938 5.401612 310.496674 179.538467
32.497517 -6.712553 99.018188 253.019653
31.936043 18.121271 256.670135 76.866241
23.829464 -2.442766 124.502541 150.823883
57.502945 7.044571 402.586670 42.967976
42.508965 3.463495 256.994293 294.352600
35.246929 8.476473 162.242065 271.601959
35.671291 7.839306 155.872681 387.797424
54.266212 8.467488 323.281433 85.824623
38.634087 7.756029 217.049026 80.726700
31.778318 8.025242 189.101746 360.325348
41.034431 8.493249 310.857178 468.720154
30.530956 7.080333 429.698151 332.483551
48.846844 0.783150 154.698090 401.050323
52.303074 16.995951 188.119278 483.455719
66.096931 11.011110 436.317169 122.638977
35.905079 1.399293 142.394318 220.150772
28.442802 -1.655932 233.260895 154.083313
51.098995 -1.622523 164.308502 455.881897
40.078960 0.646549 265.908905 437.746063
48.890736 7.228053 324.109009 156.571091
33.778069 8.147662 234.825134 476.788208
42.482616 7.583752 387.692078 112.070572
43.892784 -11.008277 346.381409 160.841965
20.675322 5.609421 110.047501 224.193283
40.732018 0.725137 162.478958 321.220306
41.943600 4.880924 348.775665 338.412964
20.097507 -3.492477 199.282959 71.251923
21.337490 1.950328 155.476242 124.298553
85.576790 14.525109 387.282684 489.952759
49.712578 8.546388 361.189117 510.135651
35.311653 -5.710510 431.047424 175.259888
31.877625 -0.295509 161.012177 138.244827
66.281677 12.574157 439.072052 89.013138
56.952229 27.097040 466.295929 174.693985
23.143433 5.315689 197.063187 90.173058
52.785694 14.681178 253.852585 433.516479
63.777393 6.407094 220.437500 483.950592
55.654503 9.891517 299.886932 437.365112
22.784706 3.380112 192.477600 63.990467
54.458534 8.154579 394.614136 146.942871
48.087223 7.714433 208.728394 463.713348
31.663605 -0.493572 357.179840 325.855621
23.250011 1.142836 318.550049 181.273544
24.398739 -6.892719 227.668808 51.989681
42.010628 0.372069 261.588867 368.575989
44.151505 9.912739 287.870850 96.673546
37.140701 2.107827 131.675201 348.299103
30.141199 6.448301 151.863754 439.544983
64.488861 6.628825 416.494171 195.843704
71.333328 10.787503 471.894836 424.868164
27.666927 1.428619 260.724091 46.275951
39.835953 8.230118 402.032745 149.168198
44.885609 1.604182 243.377945 255.696350
45.782463 7.967706 349.802826 186.218231
21.838850 2.587510 123.726791 134.888992
51.353504 -7.089282 170.735001 447.486755
41.634285 3.596497 278.902557 208.704102
50.874271 -2.582917 207.566528 304.021332
15.748461 3.290367 108.533257 52.149734
39.978954 -0.387830 214.651871 193.780060
25.378426 16.703535 216.367737 379.558044
6.757695 7.794552 147.714371 58.807434
52.523029 -2.633387 388.407013 230.144547
57.590858 -3.618489 519.138611 228.183411
38.159153 14.471478 203.908737 359.071991
95.801956 5.452012 583.756409 414.306915
74.336029 26.679333 398.267181 416.792877
80.453217 -0.842870 455.299561 367.486359
46.440937 1.138062 261.996765 254.603989
70.615952 20.071920 359.422791 279.585449
36.340508 1.801977 229.213791 327.126862
49.555756 4.450269 502.414886 473.114899
62.927521 12.616048 449.157745 119.122887
44.007187 8.451737 265.516937 135.504349
52.406586 11.162610 432.393646 90.460732
51.994389 -1.448347 305.601654 177.430054
41.016861 11.982903 246.775116 236.709442
22.109417 4.698164 282.073303 172.300674
25.029762 10.156071 276.199066 328.342560
44.027279 -0.410567 339.788544 54.627617
59.799686 -1.405255 213.236359 495.792328
34.521542 11.432740 462.253540 126.770630
88.078819 6.725654 577.352661 284.430725
34.680099 -3.958001 225.272919 354.003174
25.066307 8.950064 230.068726 214.466721
61.492001 9.345710 312.782288 133.935394
48.487171 -4.769568 254.823547 251.057846
54.952728 -2.880101 505.582977 260.926208
34.189091 10.331287 304.171967 134.744110
42.646847 0.006371 329.151001 327.940002
50.449776 -2.565745 504.953217 298.550171
62.546196 4.606453 485.209869 296.846405
54.877491 0.272187 331.992279 202.933380
52.984398 16.139124 400.806854 147.484070
47.205788 -1.168074 457.999237 110.322571
19.871582 -1.636879 188.296463 45.852470
63.112617 -4.323342 350.750793 380.234009
65.337448 15.093156 396.145050 67.623901
62.319279 -5.521811 252.815781 422.684875
44.110550 16.217855 344.214752 144.708359
11.556741 -0.387292 132.318527 139.244766
49.731812 -3.119570 389.643951 167.583740
50.041599 3.139307 291.898804 448.344666
37.201645 5.887653 279.925812 318.567169
53.644253 10.396114 206.981033 419.640106
51.517860 -8.504825 359.299255 69.606384
40.422161 4.339107 353.753601 239.455475
64.097801 6.961814 261.145813 436.283569
53.654427 6.455464 269.415070 254.308762
30.481415 8.848013 207.107605 443.771423
47.892483 3.136822 287.675629 396.424561
36.208496 2.892897 136.757172 379.444519
31.161833 6.564064 161.540070 134.585861
34.521858 13.916671 153.057877 378.437225
25.199018 2.930729 263.303680 210.320084
27.065681 6.308962 190.051743 253.436783
47.507603 0.848619 300.732269 344.454834
74.929008 7.955354 443.139771 244.019302
14.432795 5.057252 65.824654 68.909950
88.865097 10.157067 477.866272 321.443024
48.485291 -6.840199 420.555237 102.155991
75.711998 18.123665 436.332825 121.896561
57.297218 27.267027 323.369232 249.189377
64.859100 -1.993381 310.192261 359.039490
43.417984 16.658476 199.420502 395.401642
30.472345 5.122561 258.451874 365.447968
66.272141 11.226474 265.192383 468.323700
44.677544 6.296108 338.298615 144.510071
62.449135 -5.604320 274.643890 462.880951
41.619797 -1.848639 269.489288 450.757294
46.357628 0.445599 394.381378 445.268158
75.969673 5.174233 442.286591 65.693359
38.057999 0.661008 239.234634 371.152618
36.132896 -3.969126 202.860886 353.983063
68.629501 4.775407 397.901886 351.747711
39.703262 11.647784 258.994598 146.854401
52.779305 14.482592 442.995911 123.380051
44.688118 -2.700103 182.523239 393.445007
28.116909 -3.014003 311.136993 228.138260
31.515388 3.271299 376.639343 239.022141
52.716942 0.271956 475.288147 209.290421
42.192348 3.795242 256.408783 226.482559
60.569374 10.035230 419.302338 267.020233
64.739899 -0.278912 281.098053 341.241669
47.543823 9.892184 507.869904 124.247261
38.152100 3.571156 245.568985 457.169922
20.829138 6.951582 240.443298 138.878937
66.763336 0.220229 345.013947 475.197662
45.272884 2.793782 148.969940 342.993958
37.705963 8.538257 465.038605 105.237068
22.160423 9.057271 230.346802 69.726807
41.023144 0.672970 240.294876 399.231171
41.174000 3.308264 265.322113 396.564484
49.326511 17.129984 402.362915 109.720924
40.585140 8.677312 258.473389 474.605469
12.503489 1.157572 250.433060 89.613487
58.279930 19.834011 488.270050 231.449158
42.507820 5.292594 465.489044 227.786224
44.975559 4.191995 369.319031 335.084595
25.212704 -9.357835 91.655151 167.834427
40.509563 4.656873 122.673340 333.517670
70.524368 -0.001792 395.556793 278.633972
42.118511 0.415927 204.488556 197.127991
66.149704 2.810931 338.382050 419.820221
47.898773 12.955016 275.346405 232.213470
31.477674 -12.343133 368.448914 185.013840
14.814006 -0.970297 203.683517 50.276825
43.250000 8.911332 290.983093 487.341614
31.112549 16.979710 172.868378 366.019165
37.985821 11.883479 266.112823 387.198395
49.999123 15.266522 293.821075 148.904373
39.914909 7.317095 286.014679 164.007538
19.064386 0.859875 170.588623 75.012444
32.954090 11.726378 231.570160 285.487701
63.584301 -0.309438 426.656281 428.063812
33.008362 18.662546 167.774139 260.412659
41.411457 4.863370 459.596497 357.717194
47.421688 -2.592780 259.792938 246.475845
43.959164 4.487511 268.931427 365.722168
60.384102 -0.881336 403.277649 470.394379
67.072037 10.637261 349.072632 430.915924
44.130512 15.371826 262.535065 305.696869
54.507622 6.142808 464.169983 200.386047
37.040092 4.786453 376.336243 62.245052
41.433495 14.579746 328.879303 106.648232
48.333271 6.605953 434.941010 99.167877
37.004189 -7.195235 315.677856 165.252762
31.881014 8.289762 174.816711 456.660156
47.083370 -2.237176 223.244400 272.383270
54.845451 5.024033 239.492844 505.747070
76.777672 -0.604993 509.959595 492.120361
21.229717 -2.422802 131.596588 143.488571
38.393063 15.602954 174.990372 462.979950
35.804192 14.426727 378.968597 431.233246
37.356815 7.470413 333.067047 88.712311
54.481724 7.974883 309.777008 233.037689
31.789822 11.933540 265.237396 250.997696
40.765484 17.827160 341.066193 499.187317
44.025452 5.136037 177.332626 250.063644
48.759514 3.417366 363.846405 495.771851
46.047295 1.906006 484.584808 238.716141
60.028458 11.985875 379.516693 176.666885
33.550163 11.448676 245.816940 359.513062
65.657166 12.863981 462.322601 211.444717
38.491306 -2.023463 142.828888 337.878082
37.899788 1.454080 197.838669 488.223114
37.132549 11.918025 158.734390 415.992157
44.713070 -2.400641 228.321716 239.957077
37.451115 8.275352 259.787415 159.141098
25.292828 13.607388 266.322113 75.470894
21.459351 9.932754 189.455170 93.434891
47.235146 18.158312 370.646576 71.504410
96.409149 6.831573 513.515503 334.494751
68.496681 4.985029 278.484009 470.145599
17.173140 4.241537 152.488556 123.344604
22.222076 3.612329 108.053780 192.946228
25.757793 5.577395 467.410065 167.950562
42.807793 9.230091 285.039185 476.144470
67.819191 12.037644 400.369232 179.817307
38.019222 31.010136 390.121796 62.669052
16.728546 0.362265 166.838120 57.594601
44.864677 10.469405 272.454224 113.651917
54.566372 1.836422 433.019073 78.880989
33.670959 5.145931 203.314331 112.084671
23.844496 -6.449508 261.808044 207.972244
67.014122 1.843754 331.499023 365.455597
60.380352 12.425220 304.720551 293.799957
51.745358 -9.142312 237.248962 303.432404
18.895960 0.178594 252.924240 175.743851
49.566120 23.442446 224.402222 249.762802
34.846992 -2.376385 264.185150 420.800903
39.114300 13.794766 396.298737 369.471436
51.799175 4.172537 297.513550 237.980667
77.794945 11.440158 466.132935 389.171234
65.753586 -1.081595 385.871918 303.653717
42.028561 11.174097 309.248993 149.228653
45.017883 23.743780 309.440948 71.284775
25.833250 6.322725 194.525192 357.623138
12.850590 8.365627 99.956627 105.407295
57.567108 4.354122 301.830627 225.584839
26.743084 18.957848 201.546005 112.683228
58.029362 1.637344 396.858643 275.465546
22.108904 4.384727 194.444168 246.744431
45.576744 0.515097 365.253540 190.325714
38.991833 -6.166558 292.735748 212.334534
43.549477 1.507355 358.005157 49.652565
45.687614 -6.519053 221.291718 423.478973
53.038895 20.788574 368.788696 501.794434
39.093349 4.407244 164.311447 477.876404
30.337496 13.778133 306.419861 70.941162
67.174995 4.089100 398.871613 77.230286
55.193329 5.490340 296.567230 430.486816
39.480518 -11.437583 393.546722 72.300987
16.076160 11.455038 121.424553 223.962341
60.074104 2.377339 507.979889 383.736450
53.753361 12.160024 292.808899 272.944122
68.743706 -4.243905 388.918762 372.415314
54.132664 -1.778037 452.764435 272.568146
43.633217 8.607551 287.355835 181.261749
25.330772 0.654430 133.482391 264.810944
94.966499 9.616809 509.129272 442.613007
52.346355 3.002754 335.281494 181.109985
60.852184 7.115834 311.605286 387.790070
52.820251 4.769279 254.053741 257.367645
42.344856 1.399053 262.126526 205.265594
46.914139 2.188739 336.403687 410.779968
56.294819 25.237614 267.519836 336.029846
26.496958 9.883137 166.674377 62.146969
44.134483 12.023145 149.705261 432.462280
42.453579 4.612340 202.019165 267.533661
32.595833 7.952045 419.548859 303.897064
47.857269 12.405238 280.279419 485.339203
98.045670 8.517612 456.871490 368.755157
55.307884 4.066000 336.999207 254.820450
56.190712 11.943141 264.943146 400.130341
45.808990 11.168401 219.322510 468.218109
92.377930 6.404489 459.593262 439.117462
77.195328 12.339813 504.524261 341.737061
60.004066 9.581674 316.925507 454.986450
53.888268 27.494982 409.966003 130.996994
61.047298 14.477076 359.813599 326.705841
45.132725 -9.427438 419.970367 65.108803
61.353146 5.723515 395.207520 173.788162
49.437450 0.134959 441.911102 415.323792
51.627663 -8.087337 400.969269 315.107056
75.358093 -0.746932 350.141541 365.762329
33.274681 9.095444 220.040619 214.059784
25.037003 14.973979 219.592148 351.399048
66.562805 11.200436 354.617493 316.705780
41.940609 6.371350 199.180084 419.600708
44.156429 12.021676 423.685486 367.718964
37.358471 2.508430 283.065796 121.633270
48.324673 -0.572278 176.684784 339.013397
49.526585 -0.455180 149.956436 418.816284
50.286114 6.610338 459.524658 336.286316
26.358227 -1.201456 95.278908 139.504395
13.095033 6.169148 263.026581 101.781090
53.707680 11.207231 317.971191 441.192474
38.962212 1.827279 192.364258 355.749847
31.125864 -1.517182 342.094910 103.765411
54.754780 18.042469 488.814240 184.410110
48.967892 9.854981 343.812500 207.288925
32.135735 12.637981 260.481995 304.638306
19.662098 0.999099 142.114258 149.389313
41.957897 -0.607119 331.250031 201.707779
73.231010 10.767669 307.776337 422.126160
45.226662 10.069440 298.995667 96.545975
36.699284 16.952158 131.077393 315.708740
56.125767 -2.762654 288.097992 295.740875
43.397396 5.533870 488.851135 281.917572
39.027988 13.034444 371.177643 165.531174
65.698372 7.492855 347.088776 359.490997
36.956425 1.208912 217.916550 334.960968
76.586662 -1.323985 369.132874 511.449738
44.383083 5.141811 221.310135 312.925995
41.297691 13.158113 185.784363 466.836823
60.209034 8.597234 270.800873 370.403381
43.045109 1.715390 479.742157 244.616089
36.083237 11.228556 277.319214 395.048767
79.562767 -3.470118 441.716644 367.076538
50.602489 7.744831 213.017776 510.035217
92.493675 16.333258 406.085449 459.755798
36.316322 7.671081 216.619781 199.739395
49.569965 0.766614 205.256668 455.660675
42.630844 -0.103832 457.339325 390.809021
36.161396 1.834818 315.828735 181.552094
19.912975 1.207887 144.450272 50.918976
33.630680 10.205906 361.199402 297.646606
66.672699 -5.417500 210.840912 491.583557
40.672199 -0.769853 333.049011 223.099564
49.364048 3.098947 142.944244 380.183563
49.292706 2.338649 329.067017 227.909393
27.897125 4.002832 306.463196 224.920319
65.740944 -3.336945 257.333344 427.259705
55.521137 10.549219 419.173645 280.442108
27.712587 13.480887 456.880615 130.907837
36.480896 1.572083 163.975327 185.386627
29.817074 5.318173 153.762848 90.879318
55.721462 11.401289 398.581329 108.569389
56.021729 6.842264 325.968292 243.147568
21.532295 1.804452 277.286896 115.784248
49.442822 3.809570 407.083679 131.428162
44.018345 8.944946 325.879486 211.718292
36.858807 6.174716 434.780792 263.254639
23.048275 2.391356 158.728851 287.694397
64.079590 -5.834674 257.777985 475.507141
29.484140 0.180339 358.525146 308.271515
67.384720 -7.144294 335.136139 411.622284
50.616768 20.537613 280.770386 442.859314
19.601658 8.504129 205.000168 170.316757
33.518684 11.345931 357.414642 269.833710
44.030537 13.969836 149.724899 457.560120
25.794512 -0.829021 160.768982 164.852814
49.428326 1.846046 250.640869 279.787689
27.206911 3.516250 316.993134 233.135757
75.966080 -3.688208 425.821136 378.928101
23.903477 15.124406 182.223465 133.551071
34.715874 5.441688 216.975952 346.353180
46.816021 4.881013 169.111816 403.756256
13.770822 15.205134 124.039818 107.921005
42.686626 8.969547 394.993317 391.972656
39.282230 13.787290 447.670685 321.577606
38.951889 7.106968 352.908447 314.930328
30.424341 4.181324 147.995132 441.120575
55.308178 12.420417 230.842590 473.325531
69.404572 3.415570 323.498230 377.027344
27.888680 8.092114 224.117676 107.175499
40.471836 -0.927079 455.805695 269.543518
75.217346 -2.127008 275.588745 429.819794
29.729704 11.762921 372.371094 200.912231
33.066021 5.515862 152.897247 170.537476
16.080257 2.489561 122.218704 150.022034
60.562981 3.828104 289.934204 359.686768
29.700096 13.608047 184.721405 182.893860
41.520439 -16.360119 413.534058 103.035599
52.858566 12.655610 448.335205 153.134644
73.301346 2.406112 366.053314 451.312927
13.849893 -4.419412 82.930542 112.590218
19.598152 12.558011 207.034210 137.920532
42.821041 6.301341 385.179291 214.973480
38.486656 4.216577 145.656067 251.891571
45.816135 3.160620 281.088379 156.257614
63.800808 19.482344 225.008514 452.800201
36.422607 -1.629578 278.084534 181.500641
28.804056 14.949433 210.685028 246.470581
47.615234 19.936548 447.529572 300.219208
55.070518 9.394087 344.308319 493.869720
55.399334 11.673905 469.720795 203.188553
49.967201 7.520311 222.357300 246.147339
39.141449 -1.674886 451.532135 199.614670
18.314316 0.317596 207.364151 112.644012
38.010704 -4.453828 123.956291 320.218292
80.353416 16.282030 531.827759 304.153534
36.036327 19.865051 263.059967 481.639557
48.267998 0.009938 196.612000 449.031921
57.260174 -10.412089 187.450134 446.324005
37.902073 8.600556 332.250702 419.854980
32.943565 -1.533170 220.436264 172.467087
35.048431 7.331286 218.336395 349.389709
30.848413 18.212170 300.893219 79.178551
40.252186 1.649011 197.366638 219.866486
57.350067 -4.837438 262.423370 427.384613
33.930996 7.605794 271.770447 312.289642
21.531143 6.749932 158.848785 206.508636
67.057861 3.351711 344.062042 438.225433
43.000294 -6.586633 403.314423 66.760139
46.694363 6.186582 281.157745 95.160950
52.782021 1.864043 432.798859 154.840881
43.266090 -1.820448 253.205963 265.977417
25.403065 11.261577 147.323669 227.233932
65.690659 -0.136311 291.776337 447.815277
38.312122 -0.799222 250.520065 296.130920
38.528473 -0.036676 218.140381 264.583374
39.079170 2.576907 440.885834 423.004639
24.093544 0.852472 170.162964 240.097260
21.732359 8.062824 232.421173 195.630203
37.645134 19.185949 180.642960 328.486267
56.282707 12.825737 414.260986 204.519684
36.646885 -0.985206 304.994507 96.548447
28.301331 1.817775 250.751236 96.584862
55.024075 11.009892 314.986450 105.985634
32.972034 6.454789 189.447678 366.740997
27.799690 4.248979 229.393524 134.925827
19.790314 0.497278 143.053482 172.582947
20.630573 -2.078763 218.110275 42.393269
26.813223 7.246610 243.006012 304.739960
46.659840 -1.460789 388.644867 509.772980
52.309666 15.388213 268.935944 361.601501
67.730606 6.921550 383.642242 360.775940
41.475491 6.978715 318.623596 60.245667
21.055521 7.464874 99.638329 127.773705
48.124493 3.108509 247.488556 224.897049
44.237473 5.537492 509.036102 392.007416
41.006268 5.393370 192.441101 380.132874
68.073708 7.074608 344.496704 188.279083
35.645260 12.347163 321.304230 168.074249
54.709488 1.004765 423.892365 103.667480
63.920521 -5.872321 299.680695 398.284210
54.211998 18.345896 282.542572 440.764984
55.395283 -0.141726 281.349396 344.200592
54.065208 8.860202 395.273712 442.234589
50.827435 6.079999 207.135880 335.011627
30.524338 -6.740933 146.962982 187.939102
39.343952 1.252541 176.971588 234.431641
24.184343 -0.113052 143.853333 283.612061
44.277512 17.651175 494.844910 138.105103
37.987427 -0.498186 188.467316 329.916870
59.625549 3.648439 374.214508 493.743744
59.404190 19.641434 357.980804 466.577637
63.545338 -0.086263 529.679871 508.745880
73.949562 15.952435 446.496155 294.299500
57.107845 7.994997 376.595642 128.022095
54.385914 -6.400950 268.004913 432.606964
24.754564 4.661072 119.545410 167.687622
44.220806 -0.064063 240.981812 246.470413
30.182867 11.716725 349.370331 144.281616
38.525955 6.224319 150.991684 294.077545
49.178123 -2.560294 462.166504 361.370270
44.903316 3.464687 364.283997 452.638214
55.871059 1.004809 360.885162 351.476501
44.831852 0.144199 204.041260 416.592010
42.440823 -1.150906 159.615677 350.824890
29.926926 -6.082400 135.834656 232.063934
26.161343 16.043575 284.072083 100.284637
43.851635 9.511358 309.451202 170.889069
76.188057 16.901484 430.923889 100.535881
69.454330 8.427382 233.399368 481.294403
11.066034 1.910541 154.667648 112.348679
58.171848 9.133212 478.826996 59.883667
13.332726 0.585665 225.942902 75.012512
23.358110 8.146806 324.341187 107.427025
44.608265 -4.178657 218.060455 250.792404
47.223385 4.630147 229.351440 452.872375
25.790594 -5.739660 337.446747 288.875122
20.309683 -5.447501 282.787903 152.258575
59.513882 0.652304 270.287903 288.002289
66.572922 22.983044 363.520691 496.716431
61.208160 9.189537 470.914520 438.428955
68.917290 -4.024995 250.288376 442.499176
13.837353 3.501907 89.859924 94.045547
32.874664 6.838630 375.390747 345.838135
68.099442 -0.224427 264.330475 460.917297
50.546108 11.789746 263.811249 89.642952
36.420258 -0.318363 179.405670 190.554260
32.853554 5.386528 287.658661 59.394718
72.924530 10.617623 340.037689 420.824219
42.845680 3.359625 203.332504 237.437256
55.591198 5.528123 226.483765 244.490585
40.731075 14.832791 280.744202 341.545837
35.608166 14.712754 259.508575 357.847473
44.091248 9.893707 314.514252 296.997528
22.104073 10.495758 167.098694 257.111847
45.151035 -1.613201 294.252655 252.317215
37.494183 0.521365 349.927490 209.093918
57.599724 6.226031 451.111542 175.760941
8.385096 12.542003 135.740326 78.411583
48.413025 4.303804 254.031189 429.529358
16.109489 6.421824 132.887283 59.238583
56.596226 -2.752306 489.295166 251.076431
42.720631 10.292752 248.254257 176.317688
55.334854 2.853804 298.200867 305.088318
61.286263 13.385861 423.333954 229.070282
56.500866 6.449471 522.849121 417.848541
27.446730 18.127108 130.173828 310.210358
57.482010 18.179506 425.621948 188.096039
44.412178 6.169765 250.069290 205.132858
86.235191 27.148285 495.667664 108.315697
57.253792 9.618491 367.119141 98.863602
52.883266 6.552025 359.737152 285.161255
71.983635 8.373025 432.448639 184.834763
64.592773 6.856242 466.380768 467.718262
35.980602 5.025503 226.999054 272.036530
76.972244 8.071248 518.857056 342.471283
60.353867 2.782577 219.062347 348.812439
27.023058 10.736165 93.598282 287.735687
53.113201 11.646459 323.122101 327.330963
38.612873 5.130490 216.560806 356.957672
31.540684 12.273987 216.975052 237.920135
30.591972 9.588361 335.704498 373.809235
45.887413 15.010141 343.033081 60.103081
43.094173 12.123727 351.478699 347.336884
19.628160 2.298595 325.448517 137.912476
35.663349 8.541809 325.329010 316.939362
34.468948 4.011996 182.647797 241.348572
27.771650 1.306140 141.005692 396.544464
25.609818 -11.590272 224.031525 107.373978
44.828949 6.733727 165.199310 480.955597
48.189610 15.264705 150.654633 480.519196
31.742195 1.849025 285.367371 91.031181
23.799133 4.290141 212.026047 217.818649
39.756897 6.725913 327.488556 439.313385
43.101517 -0.941375 506.821869 273.516144
41.136940 4.975213 233.326889 264.708191
30.865229 2.569062 110.275986 216.739136
74.578613 5.829417 355.804077 482.801056
57.629742 8.580611 319.124268 377.988129
29.673309 14.268800 128.325684 334.464478
25.135912 3.276809 323.013489 310.006958
38.264957 12.664579 397.402008 288.717285
56.644627 5.068958 324.923401 256.657104
27.989748 6.140595 176.024078 100.026672
58.579620 3.318601 252.751343 439.667999
48.954914 2.744323 414.479034 467.252594
55.803001 3.150218 239.784576 366.488464
49.624256 9.271037 290.892273 310.874817
35.265388 3.038848 126.624519 391.190735
26.884102 9.359617 494.961151 171.796371
45.274681 1.090353 465.017242 476.267242
51.782310 -1.398305 321.223724 464.949493
55.898869 24.453859 311.996490 401.582001
80.307091 10.042317 343.144928 430.986481
17.280184 7.108965 218.053696 71.741592
103.313278 20.844210 519.019104 386.681915
45.246296 -5.909836 252.640396 178.706696
23.814177 10.168298 244.790054 176.347870
42.160217 10.412745 147.966492 367.336182
59.872997 8.592282 338.591461 342.946747
33.265392 1.896269 257.286560 106.450806
47.893173 8.923050 432.182892 245.641983
46.617062 -4.078243 324.740143 327.378601
53.155949 1.988494 410.803131 358.327545
52.120724 -0.808089 179.733337 353.762024
8.030313 3.374812 148.624344 53.618313
82.307419 -12.405375 363.781097 471.770172
54.895332 7.343467 407.218811 285.579773
88.260590 0.917524 470.895355 429.024170
37.225616 10.832115 393.080536 247.674728
85.245468 12.505187 446.782196 449.310028
64.301399 2.102401 506.755066 301.759155
56.737873 22.276949 366.722809 285.781952
52.184742 30.015238 319.170074 176.436722
25.185118 15.038655 148.258163 105.511169
35.589336 8.086186 499.380798 88.288956
53.423954 16.853956 370.220459 119.061958
32.699524 -7.637292 332.807953 102.317955
59.221790 -8.444963 277.414703 335.977875
16.610737 8.697068 105.026024 79.548241
67.992325 5.731800 315.897217 351.766235
32.789574 -1.242898 366.261658 231.071381
49.289471 11.588136 406.445099 418.864655
40.657242 -0.738110 183.281647 336.588409
36.804111 3.148596 169.110199 267.484344
66.217865 16.943113 350.922638 473.478851
40.893295 4.009881 364.818665 398.366333
24.664185 9.458103 181.410873 338.273651
42.412472 7.771041 334.019806 175.593536
72.205345 9.831317 431.732544 345.300995
43.952187 -0.063075 170.972412 328.039917
50.904789 3.691451 285.951813 234.039902
66.265785 11.517314 290.367218 355.895905
20.485430 4.334888 210.455276 99.919266
52.229752 -0.110002 353.500000 211.413422
83.260986 5.489018 440.551514 480.188904
46.473179 -4.345862 277.878082 213.938141
51.556988 1.996068 199.279648 453.209137
59.705433 10.602794 314.163879 156.913254
33.327324 15.254670 324.543121 379.467255
87.596497 2.285505 426.523163 482.742828
71.869598 6.415405 305.300537 404.103851
51.027027 5.045439 227.251007 457.355682
57.411674 11.231110 388.614166 264.958038
101.393127 3.085994 525.342224 445.673615
27.708719 2.294287 143.039749 226.126022
28.579329 13.635007 272.862823 196.587326
55.849312 5.911617 388.814178 228.574722
26.374880 -15.251016 305.869720 50.642914
66.004135 0.954721 381.263794 300.364716
91.206177 11.392592 583.990295 309.003906
41.846073 10.193618 243.503540 263.659454
4.865308 10.146995 96.161507 103.493217
59.516640 2.091367 238.130981 382.239990
